1435018800,347.15
1435020000,347.82
1435021200,348.55
1435022400,348.49
1435023600,352.6
1435024800,350.32
1435026000,351.26
1435027200,352.18
1435028400,353.87
1435029600,354.46
1435030800,355.4
1435032000,354.65
1435033200,363.22
1435034400,356.56
1435035600,360.87
1435036800,363.15
1435038000,368.69
1435039200,363.5
1435040400,361.34
1435041600,361.25
1435042800,367.72
1435044000,367.24
1435045200,368.4
1435046400,371.25
1435047600,374.32
1435048800,376.69
1435050000,375.08
1435051200,374.6
1435052400,379.48
1435053600,382.97
1435054800,382.5
1435056000,382.92
1435057200,385.84
1435058400,393.82
1435059600,401.87
1435060800,400.72
1435062000,400.4
1435063200,401.3
1435064400,397.16
1435065600,392.75
1435066800,393.02
1435068000,393.15
1435069200,397.4
1435070400,393.81
1435071600,391.0
1435072800,392.5
1435074000,393.37
1435075200,392.44
1435076400,392.51
1435077600,391.22
1435078800,391.35
1435080000,390.06
1435081200,399.78
1435082400,390.26
1435083600,390.07
1435084800,388.29
1435086000,387.59
