1435018800,7.74
1435020000,7.75
1435021200,7.76
1435022400,7.76
1435023600,7.77
1435024800,7.76
1435026000,7.77
1435027200,7.77
1435028400,7.77
1435029600,7.77
1435030800,7.78
1435032000,7.78
1435033200,7.78
1435034400,7.79
1435035600,7.79
1435036800,7.81
1435038000,7.82
1435039200,7.81
1435040400,7.83
1435041600,7.82
1435042800,7.84
1435044000,7.85
1435045200,7.85
1435046400,7.85
1435047600,7.82
1435048800,7.85
1435050000,7.85
1435051200,7.84
1435052400,7.85
1435053600,7.85
1435054800,7.87
1435056000,7.87
1435057200,7.89
1435058400,7.91
1435059600,7.91
1435060800,7.9
1435062000,7.9
1435063200,7.9
1435064400,7.91
1435065600,7.91
1435066800,7.91
1435068000,7.91
1435069200,7.91
1435070400,7.91
1435071600,7.89
1435072800,7.92
1435074000,7.92
1435075200,7.92
1435076400,7.93
1435077600,7.92
1435078800,7.92
1435080000,7.93
1435081200,7.93
1435082400,7.93
1435083600,7.93
1435084800,7.93
1435086000,7.93
