1435018800,33.2
1435020000,30.73
1435021200,31.78
1435022400,30.81
1435023600,31.56
1435024800,30.91
1435026000,31.16
1435027200,36.76
1435028400,33.22
1435029600,33.19
1435030800,33.49
1435032000,30.91
1435033200,32.37
1435034400,31.83
1435035600,32.03
1435036800,31.38
1435038000,30.97
1435039200,32.75
1435040400,29.91
1435041600,29.74
1435042800,29.08
1435044000,27.99
1435045200,28.0
1435046400,28.86
1435047600,28.28
1435048800,27.19
1435050000,26.6
1435051200,27.04
1435052400,26.04
1435053600,26.58
1435054800,25.37
1435056000,28.28
1435057200,25.96
1435058400,23.91
1435059600,23.63
1435060800,23.97
1435062000,25.54
1435063200,24.23
1435064400,24.25
1435065600,22.59
1435066800,23.63
1435068000,24.97
1435069200,23.23
1435070400,24.97
1435071600,27.16
1435072800,25.58
1435074000,25.45
1435075200,25.25
1435076400,25.83
1435077600,24.17
1435078800,24.64
1435080000,24.95
1435081200,24.67
1435082400,24.58
1435083600,25.16
1435084800,24.53
1435086000,24.21
