1435018800,0.52
1435020000,0.49
1435021200,0.5
1435022400,0.49
1435023600,0.52
1435024800,0.52
1435026000,0.51
1435027200,0.49
1435028400,0.49
1435029600,0.46
1435030800,0.49
1435032000,0.49
1435033200,0.49
1435034400,0.5
1435035600,0.49
1435036800,0.48
1435038000,0.49
1435039200,0.49
1435040400,0.52
1435041600,0.47
1435042800,0.48
1435044000,0.46
1435045200,0.47
1435046400,0.48
1435047600,0.46
1435048800,0.46
1435050000,0.47
1435051200,0.47
1435052400,0.48
1435053600,0.43
1435054800,0.49
1435056000,0.51
1435057200,0.49
1435058400,0.48
1435059600,0.48
1435060800,0.49
1435062000,0.49
1435063200,0.46
1435064400,0.49
1435065600,0.48
1435066800,0.52
1435068000,0.54
1435069200,0.54
1435070400,0.56
1435071600,0.54
1435072800,0.56
1435074000,0.56
1435075200,0.55
1435076400,0.55
1435077600,0.53
1435078800,0.55
1435080000,0.57
1435081200,0.54
1435082400,0.56
1435083600,0.55
1435084800,0.56
1435086000,0.54
