1435018800,23.88
1435020000,23.87
1435021200,23.85
1435022400,23.84
1435023600,23.82
1435024800,23.81
1435026000,23.79
1435027200,23.77
1435028400,23.77
1435029600,23.76
1435030800,23.76
1435032000,23.76
1435033200,23.76
1435034400,23.76
1435035600,23.77
1435036800,23.78
1435038000,23.78
1435039200,23.78
1435040400,23.78
1435041600,23.78
1435042800,23.78
1435044000,23.78
1435045200,23.77
1435046400,23.76
1435047600,23.73
1435048800,23.73
1435050000,23.72
1435051200,23.72
1435052400,23.72
1435053600,23.73
1435054800,23.73
1435056000,23.73
1435057200,23.73
1435058400,23.73
1435059600,23.72
1435060800,23.71
1435062000,23.7
1435063200,23.71
1435064400,23.72
1435065600,23.72
1435066800,23.72
1435068000,23.76
1435069200,23.79
1435070400,23.79
1435071600,23.78
1435072800,23.81
1435074000,23.82
1435075200,23.84
1435076400,23.88
1435077600,23.92
1435078800,23.93
1435080000,24.01
1435081200,24.02
1435082400,24.05
1435083600,24.07
1435084800,24.14
1435086000,24.14
