1435018800,1.19
1435020000,1.26
1435021200,1.22
1435022400,1.23
1435023600,1.16
1435024800,1.3
1435026000,2.08
1435027200,1.18
1435028400,1.26
1435029600,1.16
1435030800,1.24
1435032000,1.18
1435033200,1.11
1435034400,1.2
1435035600,1.1
1435036800,1.14
1435038000,1.26
1435039200,1.27
1435040400,1.2
1435041600,1.27
1435042800,1.22
1435044000,1.19
1435045200,1.29
1435046400,1.2
1435047600,1.29
1435048800,1.17
1435050000,1.28
1435051200,1.04
1435052400,1.22
1435053600,1.3
1435054800,0.99
1435056000,1.31
1435057200,1.15
1435058400,1.04
1435059600,1.13
1435060800,1.08
1435062000,1.14
1435063200,1.3
1435064400,1.09
1435065600,1.45
1435066800,1.22
1435068000,1.16
1435069200,1.35
1435070400,1.35
1435071600,1.28
1435072800,1.42
1435074000,1.29
1435075200,1.48
1435076400,1.38
1435077600,1.32
1435078800,1.35
1435080000,1.26
1435081200,1.17
1435082400,1.47
1435083600,1.43
1435084800,1.47
1435086000,1.43
