1448928000,0.68
1448928600,0.66
1448929200,0.65
1448929800,0.6
1448930400,0.63
1448931000,0.62
1448931600,0.65
1448932200,0.64
1448932800,0.61
1448933400,0.61
1448934000,0.62
1448934600,0.61
1448935200,0.56
1448935800,0.56
1448936400,0.57
1448937000,0.59
1448937600,0.56
1448938200,0.52
1448938800,0.57
1448939400,0.51
1448940000,0.51
1448940600,0.49
1448941200,0.49
1448941800,0.5
1448942400,0.45
1448943000,0.44
1448944200,0.45
1448944800,0.45
1448945400,0.47
1448946000,0.47
1448946600,0.44
1448947200,0.45
1448947800,0.45
1448948400,0.43
1448949000,0.44
1448949600,0.42
1448950200,0.4
1448950800,0.4
1448951400,0.39
1448952000,0.42
1448952600,0.42
1448953200,0.4
1448953800,0.4
1448954400,0.41
1448955000,0.42
1448955600,0.36
1448956200,0.39
1448956800,0.41
1448957400,0.37
1448958000,0.4
1448958600,0.39
1448959200,0.38
1448959800,0.41
1448960400,0.4
1448961000,0.41
1448961600,0.35
1448962200,0.35
1448962800,0.36
1448963400,0.35
1448964000,0.38
1448964600,0.37
1448965200,0.34
1448965800,0.38
1448966400,0.38
1448967000,0.3
1448967600,0.35
1448968200,0.37
1448968800,0.36
1448969400,0.39
1448970000,0.39
1448970600,0.33
1448971200,0.4
1448971800,0.39
1448972400,0.41
1448973000,0.39
1448973600,0.4
1448974200,0.41
1448974800,0.4
1448975400,0.4
1448976000,0.44
1448976600,0.4
1448977200,0.4
1448977800,0.39
1448978400,0.36
1448979600,0.41
1448980200,0.36
1448980800,0.37
1448981400,0.35
1448982000,0.37
1448982600,0.39
1448983200,0.38
1448983800,0.36
1448984400,0.35
1448985000,0.36
1448985600,0.33
1448986200,0.32
1448986800,0.3
1448987400,0.28
1448988000,0.3
1448988600,0.3
1448989200,0.31
1448989800,0.3
1448990400,0.3
1448991000,0.3
1448991600,0.28
1448992200,0.28
1448992800,0.26
1448993400,0.24
1448994000,0.27
1448994600,0.28
1448995200,0.31
1448995800,0.28
1448996400,0.27
1448997000,0.24
1448997600,0.27
1448998200,0.26
1448998800,0.28
1448999400,0.29
1449000000,0.26
1449000600,0.26
1449001200,0.24
1449001800,0.27
1449002400,0.34
1449003000,0.25
1449003600,0.26
1449004200,0.25
1449004800,0.25
1449005400,0.25
1449006000,0.23
1449006600,0.23
1449007200,0.24
