1448928000,111.9
1448928600,116.86
1448929200,109.16
1448929800,109.06
1448930400,109.82
1448931000,111.97
1448931600,118.19
1448932200,108.16
1448932800,100.65
1448933400,102.86
1448934000,110.16
1448934600,97.74
1448935200,99.42
1448935800,101.0
1448936400,103.19
1448937000,96.61
1448937600,98.31
1448938200,91.83
1448938800,94.98
1448939400,92.25
1448940000,81.14
1448940600,85.0
1448941200,74.94
1448941800,78.29
1448942400,69.56
1448943000,71.68
1448944200,76.71
1448944800,76.34
1448945400,72.39
1448946000,67.53
1448946600,70.82
1448947200,71.96
1448947800,70.38
1448948400,72.04
1448949000,69.26
1448949600,64.63
1448950200,64.88
1448950800,68.53
1448951400,66.73
1448952000,57.81
1448952600,62.1
1448953200,65.28
1448953800,53.59
1448954400,65.06
1448955000,62.46
1448955600,59.82
1448956200,62.29
1448956800,64.15
1448957400,56.91
1448958000,58.94
1448958600,60.93
1448959200,57.65
1448959800,61.94
1448960400,57.78
1448961000,60.18
1448961600,56.0
1448962200,59.43
1448962800,56.29
1448963400,53.17
1448964000,51.8
1448964600,55.08
1448965200,52.23
1448965800,55.24
1448966400,56.86
1448967000,55.2
1448967600,54.48
1448968200,54.88
1448968800,49.84
1448969400,56.77
1448970000,58.15
1448970600,56.17
1448971200,56.0
1448971800,60.24
1448972400,57.05
1448973000,59.29
1448973600,58.78
1448974200,55.47
1448974800,61.4
1448975400,55.46
1448976000,60.47
1448976600,59.44
1448977200,57.99
1448977800,53.7
1448978400,55.79
1448979600,54.02
1448980200,56.04
1448980800,63.89
1448981400,47.74
1448982000,53.29
1448982600,50.58
1448983200,47.15
1448983800,48.08
1448984400,47.5
1448985000,47.93
1448985600,49.16
1448986200,47.96
1448986800,42.33
1448987400,44.09
1448988000,41.62
1448988600,41.48
1448989200,40.13
1448989800,43.12
1448990400,44.0
1448991000,40.4
1448991600,36.1
1448992200,37.34
1448992800,39.36
1448993400,34.72
1448994000,32.71
1448994600,37.56
1448995200,32.27
1448995800,29.99
1448996400,33.41
1448997000,33.18
1448997600,28.57
1448998200,31.31
1448998800,31.2
1448999400,31.33
1449000000,28.68
1449000600,26.98
1449001200,27.3
1449001800,27.06
1449002400,27.06
1449003000,26.02
1449003600,25.95
1449004200,25.67
1449004800,26.89
1449005400,26.58
1449006000,28.13
1449006600,28.13
1449007200,27.02
