1448928000,236.72
1448928600,237.26
1448929200,238.04
1448929800,238.57
1448930400,238.7
1448931000,238.52
1448931600,237.84
1448932200,236.59
1448932800,235.32
1448933400,234.23
1448934000,233.44
1448934600,233.12
1448935200,232.69
1448935800,232.5
1448936400,232.41
1448937000,232.59
1448937600,232.6
1448938200,232.98
1448938800,233.37
1448939400,233.7
1448940000,234.23
1448940600,234.63
1448941200,235.14
1448941800,235.67
1448942400,236.26
1448943000,236.63
1448944200,237.48
1448944800,238.01
1448945400,238.34
1448946000,238.64
1448946600,239.04
1448947200,239.25
1448947800,239.54
1448948400,239.58
1448949000,239.59
1448949600,239.51
1448950200,239.35
1448950800,239.42
1448951400,239.38
1448952000,239.22
1448952600,239.27
1448953200,239.23
1448953800,239.13
1448954400,238.87
1448955000,239.25
1448955600,239.21
1448956200,239.36
1448956800,239.64
1448957400,238.64
1448958000,240.55
1448958600,240.92
1448959200,241.42
1448959800,242.0
1448960400,242.0
1448961000,242.85
1448961600,243.34
1448962200,243.85
1448962800,244.58
1448963400,245.43
1448964000,246.06
1448964600,246.68
1448965200,247.33
1448965800,248.07
1448966400,248.48
1448967000,248.77
1448967600,248.84
1448968200,248.92
1448968800,249.17
1448969400,249.2
1448970000,249.07
1448970600,249.02
1448971200,248.6
1448971800,248.23
1448972400,247.86
1448973000,247.29
1448973600,246.89
1448974200,246.69
1448974800,246.14
1448975400,245.75
1448976000,245.15
1448976600,244.58
1448977200,243.91
1448977800,243.56
1448978400,243.26
1448979600,242.74
1448980200,242.57
1448980800,242.2
1448981400,242.03
1448982000,241.8
1448982600,241.53
1448983200,241.24
1448983800,241.03
1448984400,240.81
1448985000,240.66
1448985600,240.39
1448986200,240.26
1448986800,239.99
1448987400,239.85
1448988000,239.79
1448988600,239.64
1448989200,239.54
1448989800,239.38
1448990400,239.38
1448991000,239.01
1448991600,238.94
1448992200,238.89
1448992800,238.9
1448993400,238.77
1448994000,238.71
1448994600,238.81
1448995200,238.72
1448995800,238.6
1448996400,238.55
1448997000,238.44
1448997600,238.51
1448998200,238.45
1448998800,238.34
1448999400,238.58
1449000000,238.53
1449000600,238.5
1449001200,238.49
1449001800,238.41
1449002400,238.46
1449003000,238.5
1449003600,238.54
1449004200,238.57
1449004800,238.65
1449005400,238.71
1449006000,238.65
1449006600,238.76
1449007200,238.59
