1448928000,5.96
1448928600,5.95
1448929200,5.94
1448929800,5.92
1448930400,5.9
1448931000,5.87
1448931600,5.85
1448932200,5.82
1448932800,5.8
1448933400,5.78
1448934000,5.76
1448934600,5.76
1448935200,5.75
1448935800,5.74
1448936400,5.73
1448937000,5.73
1448937600,5.73
1448938200,5.73
1448938800,5.73
1448939400,5.73
1448940000,5.73
1448940600,5.73
1448941200,5.74
1448941800,5.74
1448942400,5.75
1448943000,5.75
1448944200,5.76
1448944800,5.77
1448945400,5.78
1448946000,5.78
1448946600,5.79
1448947200,5.8
1448947800,5.81
1448948400,5.83
1448949000,5.84
1448949600,5.85
1448950200,5.86
1448950800,5.87
1448951400,5.88
1448952000,5.88
1448952600,5.9
1448953200,5.91
1448953800,5.92
1448954400,5.93
1448955000,5.94
1448955600,5.95
1448956200,5.97
1448956800,5.98
1448957400,5.99
1448958000,6.01
1448958600,6.02
1448959200,6.03
1448959800,6.04
1448960400,6.05
1448961000,6.06
1448961600,6.07
1448962200,6.08
1448962800,6.08
1448963400,6.09
1448964000,6.09
1448964600,6.1
1448965200,6.1
1448965800,6.11
1448966400,6.11
1448967000,6.11
1448967600,6.12
1448968200,6.12
1448968800,6.12
1448969400,6.12
1448970000,6.13
1448970600,6.13
1448971200,6.13
1448971800,6.13
1448972400,6.13
1448973000,6.13
1448973600,6.14
1448974200,6.14
1448974800,6.14
1448975400,6.14
1448976000,6.14
1448976600,6.14
1448977200,6.14
1448977800,6.14
1448978400,6.15
1448979600,6.15
1448980200,6.15
1448980800,6.15
1448981400,6.15
1448982000,6.15
1448982600,6.15
1448983200,6.15
1448983800,6.15
1448984400,6.15
1448985000,6.15
1448985600,6.15
1448986200,6.15
1448986800,6.15
1448987400,6.16
1448988000,6.16
1448988600,6.16
1448989200,6.16
1448989800,6.17
1448990400,6.17
1448991000,6.17
1448991600,6.17
1448992200,6.18
1448992800,6.18
1448993400,6.18
1448994000,6.19
1448994600,6.19
1448995200,6.19
1448995800,6.2
1448996400,6.21
1448997000,6.21
1448997600,6.21
1448998200,6.22
1448998800,6.24
1448999400,6.25
1449000000,6.26
1449000600,6.27
1449001200,6.28
1449001800,6.28
1449002400,6.29
1449003000,6.29
1449003600,6.3
1449004200,6.3
1449004800,6.31
1449005400,6.31
1449006000,6.32
1449006600,6.32
1449007200,6.32
