1448928000,1.45
1448928600,1.36
1448929200,1.39
1448929800,1.42
1448930400,1.39
1448931000,1.34
1448931600,1.45
1448932200,1.35
1448932800,1.28
1448933400,1.21
1448934000,1.27
1448934600,1.21
1448935200,1.21
1448935800,1.2
1448936400,1.13
1448937000,1.16
1448937600,1.13
1448938200,1.13
1448938800,1.09
1448939400,1.04
1448940000,1.06
1448940600,1.02
1448941200,1.02
1448941800,0.98
1448942400,0.97
1448943000,1.0
1448944200,0.96
1448944800,0.97
1448945400,1.03
1448946000,0.99
1448946600,0.97
1448947200,1.04
1448947800,0.95
1448948400,1.01
1448949000,0.98
1448949600,0.95
1448950200,0.95
1448950800,0.93
1448951400,0.9
1448952000,0.9
1448952600,0.89
1448953200,0.93
1448953800,0.86
1448954400,0.92
1448955000,0.91
1448955600,0.9
1448956200,0.88
1448956800,0.84
1448957400,0.85
1448958000,0.88
1448958600,0.89
1448959200,0.84
1448959800,0.85
1448960400,0.84
1448961000,0.79
1448961600,0.84
1448962200,0.83
1448962800,0.83
1448963400,0.79
1448964000,0.82
1448964600,0.82
1448965200,0.82
1448965800,0.82
1448966400,0.83
1448967000,0.83
1448967600,0.87
1448968200,0.84
1448968800,0.79
1448969400,0.82
1448970000,0.86
1448970600,0.84
1448971200,0.82
1448971800,0.87
1448972400,0.82
1448973000,0.85
1448973600,0.82
1448974200,0.83
1448974800,0.87
1448975400,0.88
1448976000,0.84
1448976600,0.85
1448977200,0.8
1448977800,0.83
1448978400,0.83
1448979600,0.81
1448980200,0.76
1448980800,0.77
1448981400,0.77
1448982000,0.73
1448982600,0.75
1448983200,0.7
1448983800,0.71
1448984400,0.7
1448985000,0.7
1448985600,0.7
1448986200,0.7
1448986800,0.69
1448987400,0.66
1448988000,0.65
1448988600,0.64
1448989200,0.67
1448989800,0.63
1448990400,0.64
1448991000,0.62
1448991600,0.67
1448992200,0.67
1448992800,0.64
1448993400,0.59
1448994000,0.63
1448994600,0.6
1448995200,0.62
1448995800,0.63
1448996400,0.62
1448997000,0.6
1448997600,0.61
1448998200,0.63
1448998800,0.66
1448999400,0.6
1449000000,0.61
1449000600,0.6
1449001200,0.61
1449001800,0.62
1449002400,0.59
1449003000,0.56
1449003600,0.6
1449004200,0.57
1449004800,0.55
1449005400,0.57
1449006000,0.57
1449006600,0.56
1449007200,0.6
