1437523200,0.08
1437523800,0.07
1437524400,0.16
1437525000,0.24
1437525600,0.57
1437526200,-0.09
1437526800,-0.07
1437527400,-0.02
1437528000,0.07
1437528600,-0.02
1437529200,0.08
1437529800,0.14
1437530400,-0.07
1437531000,0.11
1437531600,0.12
1437532200,0.22
1437532800,0.22
1437559200,0.0
1437559800,-0.22
1437560400,-0.2
1437561000,-0.31
1437561600,-0.4
1437562200,-0.5
1437562800,-0.49
1437563400,-0.44
1437564000,-0.5
1437564600,-0.5
1437565200,-0.47
1437565800,-0.5
1437566400,-0.56
1437567000,-0.39
1437567600,-0.53
1437568200,-0.57
1437568800,-0.54
1437569400,-0.55
1437570000,-0.52
1437570600,-0.64
1437571200,-0.55
1437571800,-0.58
1437572400,-0.56
1437573000,-0.54
1437573600,-0.6
1437574200,-0.53
1437574800,-0.6
1437575400,-0.69
1437576000,-0.64
1437576600,-0.7
1437577200,-0.68
1437577800,-0.55
1437578400,-0.69
1437579000,-0.74
1437579600,-0.81
1437580200,-0.77
1437580800,-0.86
1437581400,-0.85
1437582000,-0.82
1437582600,-0.88
1437583200,-0.85
1437583800,-0.83
1437584400,-0.89
1437585000,-0.83
1437585600,-0.8
1437586200,-0.77
1437586800,-0.78
