1437523200,2.3
1437523800,2.14
1437524400,2.36
1437525000,2.66
1437525600,3.54
1437526200,1.87
1437526800,2.03
1437527400,1.91
1437528000,2.3
1437528600,1.98
1437529200,2.49
1437529800,2.25
1437530400,1.83
1437531000,3.21
1437531600,2.97
1437532200,2.97
1437532800,2.69
1437559200,0.0
1437559800,0.83
1437560400,0.72
1437561000,1.53
1437561600,1.12
1437562200,1.16
1437562800,1.04
1437563400,1.28
1437564000,0.78
1437564600,1.02
1437565200,1.09
1437565800,1.09
1437566400,0.93
1437567000,0.96
1437567600,0.93
1437568200,0.83
1437568800,0.75
1437569400,0.88
1437570000,0.8
1437570600,0.76
1437571200,0.76
1437571800,0.76
1437572400,0.76
1437573000,0.79
1437573600,0.78
1437574200,0.79
1437574800,0.63
1437575400,0.57
1437576000,0.57
1437576600,0.52
1437577200,0.48
1437577800,0.82
1437578400,0.53
1437579000,0.38
1437579600,0.37
1437580200,0.41
1437580800,0.38
1437581400,0.39
1437582000,0.3
1437582600,0.33
1437583200,0.36
1437583800,0.39
1437584400,0.31
1437585000,0.31
1437585600,0.43
1437586200,0.51
1437586800,0.45
