1437523200,297.19
1437523800,297.39
1437524400,297.46
1437525000,296.97
1437525600,298.41
1437526200,298.52
1437526800,297.61
1437527400,297.28
1437528000,297.57
1437528600,297.68
1437529200,297.16
1437529800,297.52
1437530400,297.11
1437531000,296.63
1437531600,296.94
1437532200,297.15
1437532800,298.22
1437559200,0.0
1437559800,326.17
1437560400,308.76
1437561000,301.6
1437561600,301.17
1437562200,301.74
1437562800,301.07
1437563400,300.99
1437564000,301.14
1437564600,300.19
1437565200,300.24
1437565800,300.17
1437566400,300.03
1437567000,299.88
1437567600,299.88
1437568200,299.88
1437568800,299.3
1437569400,299.32
1437570000,299.74
1437570600,299.47
1437571200,299.67
1437571800,299.85
1437572400,299.31
1437573000,299.29
1437573600,299.26
1437574200,299.19
1437574800,298.94
1437575400,299.23
1437576000,299.42
1437576600,299.43
1437577200,299.35
1437577800,299.02
1437578400,299.67
1437579000,299.62
1437579600,299.91
1437580200,300.39
1437580800,300.89
1437581400,301.41
1437582000,301.7
1437582600,301.55
1437583200,301.64
1437583800,301.74
1437584400,301.95
1437585000,302.08
1437585600,301.39
1437586200,301.66
1437586800,301.48
