1437523200,8.84
1437523800,8.83
1437524400,8.85
1437525000,8.88
1437525600,8.87
1437526200,8.82
1437526800,8.82
1437527400,8.84
1437528000,8.85
1437528600,8.85
1437529200,8.86
1437529800,8.85
1437530400,8.83
1437531000,8.85
1437531600,8.85
1437532200,8.86
1437532800,8.86
1437559200,0.0
1437559800,8.39
1437560400,8.63
1437561000,8.66
1437561600,8.63
1437562200,8.59
1437562800,8.59
1437563400,8.58
1437564000,8.57
1437564600,8.57
1437565200,8.57
1437565800,8.55
1437566400,8.560001
1437567000,8.560001
1437567600,8.54
1437568200,8.55
1437568800,8.560001
1437569400,8.57
1437570000,8.560001
1437570600,8.55
1437571200,8.55
1437571800,8.560001
1437572400,8.58
1437573000,8.6
1437573600,8.61
1437574200,8.61
1437574800,8.61
1437575400,8.59
1437576000,8.59
1437576600,8.58
1437577200,8.58
1437577800,8.62
1437578400,8.6
1437579000,8.58
1437579600,8.58
1437580200,8.560001
1437580800,8.53
1437581400,8.51
1437582000,8.49
1437582600,8.479999
1437583200,8.479999
1437583800,8.479999
1437584400,8.47
1437585000,8.46
1437585600,8.5
1437586200,8.51
1437586800,8.520001
