1448989800,374.26
1448990400,336.4
1448991000,301.75
1448991600,285.82
1448992200,277.62
1448992800,271.69
1448993400,269.14
1448994000,268.13
1448994600,265.22
1448995200,264.09
1448995800,262.47
1448996400,262.05
1448997000,261.62
1448997600,261.94
1448998200,261.61
1448998800,261.54
1448999400,261.05
1449000000,261.43
1449000600,260.9
1449001200,261.77
1449001800,261.92
1449002400,261.77
1449003000,261.85
1449003600,262.1
1449004200,262.23
1449004800,262.08
1449005400,261.92
1449006000,262.04
