1437523200,24.82
1437523800,24.83
1437524400,24.86
1437525000,24.9
1437525600,24.87
1437526200,24.86
1437526800,24.86
1437527400,24.85
1437528000,24.85
1437528600,24.85
1437529200,24.87
1437529800,24.85
1437530400,24.86
1437531000,24.86
1437531600,24.86
1437532200,24.87
1437532800,24.86
1437559200,0.0
1437559800,22.9
1437560400,23.76
1437561000,24.26
1437561600,24.32
1437562200,24.35
1437562800,24.38
1437563400,24.37
1437564000,24.36
1437564600,24.37
1437565200,24.36
1437565800,24.36
1437566400,24.36
1437567000,24.38
1437567600,24.37
1437568200,24.39
1437568800,24.4
1437569400,24.4
1437570000,24.38
1437570600,24.37
1437571200,24.37
1437571800,24.36
1437572400,24.37
1437573000,24.38
1437573600,24.39
1437574200,24.4
1437574800,24.42
1437575400,24.43
1437576000,24.44
1437576600,24.45
1437577200,24.45
1437577800,24.5
1437578400,24.48
1437579000,24.49
1437579600,24.49
1437580200,24.47
1437580800,24.45
1437581400,24.42
1437582000,24.4
1437582600,24.38
1437583200,24.36
1437583800,24.33
1437584400,24.31
1437585000,24.3
1437585600,24.35
1437586200,24.35
1437586800,24.37
