1449532800,1.57
1449533400,1.58
1449534000,1.56
1449534600,1.55
1449535200,1.56
1449535800,1.53
1449536400,1.57
1449537000,1.57
1449537600,1.55
1449538200,1.55
1449538800,1.56
1449539400,1.54
1449540000,1.55
1449540600,1.56
1449541200,1.56
1449541800,1.55
1449542400,1.55
1449543000,1.58
1449543600,1.58
1449544200,1.58
1449544800,1.57
1449545400,1.6
1449546000,1.58
1449546600,1.58
1449547200,1.57
1449547800,1.59
1449548400,1.59
1449549000,1.57
1449549600,1.56
1449550200,1.57
1449550800,1.57
1449551400,1.59
1449552000,1.57
1449552600,1.59
1449553200,1.58
1449553800,1.57
1449554400,1.58
1449555000,1.61
1449555600,1.57
1449556200,1.58
1449556800,1.58
1449557400,1.56
1449558000,1.6
1449558600,1.58
1449559200,1.6
1449559800,1.56
1449560400,1.6
1449561000,1.57
1449561600,1.57
1449562200,1.59
1449562800,1.61
1449563400,1.58
1449564000,1.57
1449564600,1.58
1449565200,1.59
1449565800,1.59
1449566400,1.59
1449567000,1.56
1449567600,1.58
1449568200,1.61
1449568800,1.59
1449569400,1.57
1449570000,1.61
1449570600,1.58
1449571200,1.56
1449571800,1.61
1449572400,1.56
1449573000,1.57
1449573600,1.59
1449574200,1.6
1449574800,1.59
1449575400,1.59
1449576000,1.58
1449576600,1.59
1449577200,1.61
1449577800,1.58
1449578400,1.59
1449579000,1.58
1449579600,1.58
1449580200,1.58
1449580800,1.59
1449581400,1.59
1449582000,1.6
1449582600,1.59
1449583200,1.61
1449583800,1.6
1449584400,1.57
1449585000,1.59
1449585600,1.6
1449586200,1.56
1449586800,1.62
1449587400,1.62
1449588000,1.61
1449588600,1.59
1449589200,1.62
1449589800,1.62
1449590400,1.6
1449591000,1.59
1449591600,1.58
1449592200,1.56
1449592800,1.58
1449593400,1.59
1449594000,1.6
1449594600,1.58
