1449532800,93.32
1449533400,93.27
1449534000,93.25
1449534600,93.18
1449535200,93.21
1449535800,93.25
1449536400,93.24
1449537000,93.27
1449537600,93.22
1449538200,93.24
1449538800,93.07
1449539400,93.09
1449540000,92.62
1449540600,92.76
1449541200,92.69
1449541800,92.65
1449542400,92.81
1449543000,93.03
1449543600,93.04
1449544200,93.15
1449544800,93.09
1449545400,93.01
1449546000,92.71
1449546600,92.7
1449547200,92.95
1449547800,92.56
1449548400,92.66
1449549000,92.84
1449549600,92.74
1449550200,92.75
1449550800,92.82
1449551400,92.75
1449552000,92.68
1449552600,92.59
1449553200,92.51
1449553800,92.46
1449554400,92.61
1449555000,92.66
1449555600,92.77
1449556200,92.73
1449556800,92.64
1449557400,92.63
1449558000,92.56
1449558600,92.73
1449559200,92.68
1449559800,92.51
1449560400,92.56
1449561000,92.33
1449561600,92.43
1449562200,92.46
1449562800,92.47
1449563400,92.43
1449564000,92.31
1449564600,92.22
1449565200,92.28
1449565800,92.39
1449566400,92.32
1449567000,92.22
1449567600,92.36
1449568200,92.59
1449568800,92.22
1449569400,92.55
1449570000,92.11
1449570600,92.15
1449571200,92.06
1449571800,92.06
1449572400,92.24
1449573000,92.15
1449573600,92.24
1449574200,92.27
1449574800,92.31
1449575400,92.38
1449576000,92.36
1449576600,92.52
1449577200,92.53
1449577800,92.43
1449578400,92.27
1449579000,92.16
1449579600,92.03
1449580200,92.06
1449580800,92.06
1449581400,92.39
1449582000,92.5
1449582600,92.23
1449583200,92.4
1449583800,92.21
1449584400,92.05
1449585000,91.97
1449585600,92.11
1449586200,92.29
1449586800,92.41
1449587400,92.47
1449588000,92.51
1449588600,92.52
1449589200,92.43
1449589800,92.44
1449590400,92.37
1449591000,92.44
1449591600,92.28
1449592200,92.35
1449592800,92.38
1449593400,92.32
1449594000,92.42
1449594600,92.45
