1449532800,277.55
1449533400,277.45
1449534000,277.7
1449534600,277.73
1449535200,277.59
1449535800,276.97
1449536400,276.81
1449537000,276.94
1449537600,276.96
1449538200,276.82
1449538800,276.85
1449539400,276.66
1449540000,277.31
1449540600,277.53
1449541200,278.08
1449541800,279.48
1449542400,279.54
1449543000,279.44
1449543600,280.09
1449544200,279.03
1449544800,278.92
1449545400,279.29
1449546000,281.66
1449546600,282.31
1449547200,280.39
1449547800,284.89
1449548400,285.0
1449549000,283.04
1449549600,284.12
1449550200,283.57
1449550800,283.13
1449551400,284.68
1449552000,284.99
1449552600,285.96
1449553200,287.16
1449553800,287.57
1449554400,287.04
1449555000,286.44
1449555600,284.75
1449556200,284.71
1449556800,285.13
1449557400,284.62
1449558000,286.26
1449558600,285.85
1449559200,285.83
1449559800,287.78
1449560400,287.25
1449561000,289.96
1449561600,288.97
1449562200,288.06
1449562800,288.5
1449563400,288.79
1449564000,289.5
1449564600,290.42
1449565200,290.57
1449565800,289.81
1449566400,289.49
1449567000,289.79
1449567600,288.46
1449568200,286.39
1449568800,289.08
1449569400,286.55
1449570000,289.17
1449570600,288.76
1449571200,289.58
1449571800,289.11
1449572400,288.38
1449573000,287.99
1449573600,287.85
1449574200,287.7
1449574800,287.82
1449575400,287.76
1449576000,287.83
1449576600,287.9
1449577200,287.8
1449577800,287.83
1449578400,287.66
1449579000,287.59
1449579600,287.39
1449580200,287.21
1449580800,287.89
1449581400,288.67
1449582000,288.6
1449582600,288.28
1449583200,288.77
1449583800,288.42
1449584400,288.27
1449585000,288.01
1449585600,287.8
1449586200,288.67
1449586800,288.68
1449587400,289.24
1449588000,288.93
1449588600,287.76
1449589200,287.33
1449589800,288.22
1449590400,288.95
1449591000,287.82
1449591600,288.08
1449592200,288.07
1449592800,289.23
1449593400,290.1
1449594000,289.99
1449594600,290.72
