1448928000,7.78
1448928600,7.78
1448929200,7.78
1448929800,7.77
1448930400,7.77
1448931000,7.78
1448931600,7.78
1448932200,7.77
1448932800,7.77
1448933400,7.77
1448934000,7.76
1448934600,7.75
1448935200,7.75
1448935800,7.74
1448936400,7.75
1448937000,7.75
1448937600,7.74
1448938200,7.74
1448938800,7.74
1448939400,7.73
1448940000,7.73
1448940600,7.73
1448941200,7.72
1448941800,7.71
1448942400,7.7
1448943000,7.7
1448943600,7.7
1448944200,7.69
1448944800,7.68
1448945400,7.68
1448946000,7.66
1448946600,7.65
1448947200,7.66
1448947800,7.66
1448948400,7.66
1448949000,7.63
1448949600,7.6
1448950200,7.58
1448950800,7.55
1448951400,7.55
1448952000,7.57
1448952600,7.59
1448953200,7.61
1448953800,7.65
1448954400,7.71
1448955000,7.77
1448955600,7.8
1448956200,7.82
1448956800,7.82
1448957400,7.82
1448958000,7.82
1448958600,7.81
1448959200,7.81
1448959800,7.81
1448960400,7.81
1448961000,7.8
1448961600,7.79
1448962200,7.79
1448962800,7.79
1448963400,7.79
1448964000,7.79
1448964600,7.79
1448965200,7.79
1448965800,7.79
1448966400,7.79
1448967000,7.78
1448967600,7.77
1448968200,7.77
1448968800,7.77
1448969400,7.76
1448970000,7.75
1448970600,7.74
1448971200,7.74
1448971800,7.73
1448972400,7.73
1448973000,7.72
1448973600,7.72
1448974200,7.72
1448974800,7.72
1448975400,7.72
1448976000,7.73
1448976600,7.73
1448977200,7.73
1448977800,7.73
1448978400,7.73
1448979000,7.73
1448979600,7.73
1448980200,7.73
1448980800,7.72
1448981400,7.72
1448982000,7.71
1448982600,7.7
1448983200,7.7
1448983800,7.7
1448984400,7.7
1448985000,7.7
1448985600,7.7
1448986200,7.69
1448986800,7.69
1448987400,7.69
1448988000,7.69
1448988600,7.68
1448989200,7.67
1448989800,7.67
1448990400,7.66
1448991000,7.66
1448991600,7.64
1448992200,7.63
1448992800,7.64
1448993400,7.66
1448994000,7.67
1448994600,7.66
1448995200,7.64
1448996400,7.68
1448997000,7.69
1448997600,7.73
1448998200,7.76
1448998800,7.77
1448999400,7.78
1449000000,7.79
1449000600,7.8
1449001200,7.81
1449001800,7.82
1449002400,7.83
1449003000,7.83
1449003600,7.83
1449004200,7.83
1449004800,7.83
1449005400,7.83
1449006000,7.83
1449006600,7.82
1449007200,7.82
1449007800,7.81
