1448928000,94.14
1448928600,94.06
1448929200,94.11
1448929800,94.09
1448930400,94.07
1448931000,94.04
1448931600,94.07
1448932200,94.11
1448932800,94.23
1448933400,94.27
1448934000,94.25
1448934600,94.29
1448935200,94.28
1448935800,94.35
1448936400,94.23
1448937000,94.18
1448937600,94.3
1448938200,94.18
1448938800,94.17
1448939400,94.23
1448940000,94.21
1448940600,94.21
1448941200,94.33
1448941800,94.41
1448942400,94.33
1448943000,94.42
1448943600,94.41
1448944200,94.35
1448944800,94.34
1448945400,94.41
1448946000,94.28
1448946600,94.31
1448947200,94.26
1448947800,94.24
1448948400,94.24
1448949000,94.09
1448949600,94.12
1448950200,94.01
1448950800,93.93
1448951400,93.83
1448952000,93.85
1448952600,93.89
1448953200,94.01
1448953800,94.05
1448954400,94.19
1448955000,94.29
1448955600,94.25
1448956200,94.34
1448956800,94.29
1448957400,94.28
1448958000,94.24
1448958600,94.27
1448959200,94.22
1448959800,94.19
1448960400,94.11
1448961000,94.07
1448961600,94.08
1448962200,94.12
1448962800,94.1
1448963400,94.07
1448964000,94.08
1448964600,94.04
1448965200,94.09
1448965800,94.07
1448966400,94.02
1448967000,93.97
1448967600,93.99
1448968200,93.99
1448968800,93.98
1448969400,93.92
1448970000,93.99
1448970600,93.84
1448971200,93.86
1448971800,93.87
1448972400,93.94
1448973000,93.8
1448973600,93.89
1448974200,93.96
1448974800,93.9
1448975400,93.91
1448976000,93.81
1448976600,93.87
1448977200,93.87
1448977800,93.77
1448978400,93.87
1448979000,93.8
1448979600,93.82
1448980200,93.76
1448980800,93.73
1448981400,93.8
1448982000,93.76
1448982600,93.77
1448983200,93.8
1448983800,93.83
1448984400,93.79
1448985000,93.78
1448985600,93.78
1448986200,93.8
1448986800,93.82
1448987400,93.86
1448988000,93.84
1448988600,93.85
1448989200,93.89
1448989800,93.95
1448990400,93.9
1448991000,93.9
1448991600,94.0
1448992200,94.07
1448992800,94.19
1448993400,94.23
1448994000,94.25
1448994600,94.19
1448995200,94.19
1448996400,94.11
1448997000,94.03
1448997600,93.97
1448998200,93.95
1448998800,93.8
1448999400,93.85
1449000000,93.83
1449000600,93.74
1449001200,93.83
1449001800,93.69
1449002400,93.75
1449003000,93.74
1449003600,93.74
1449004200,93.77
1449004800,93.71
1449005400,93.82
1449006000,93.79
1449006600,93.73
1449007200,93.77
1449007800,93.85
