1448928000,8.189999
1448928600,8.189999
1448929200,8.189999
1448929800,8.17
1448930400,8.189999
1448931000,8.18
1448931600,8.2
1448932200,8.189999
1448932800,8.189999
1448933400,8.17
1448934000,8.18
1448934600,8.18
1448935200,8.18
1448935800,8.18
1448936400,8.16
1448937000,8.18
1448937600,8.18
1448938200,8.18
1448938800,8.18
1448939400,8.18
1448940000,8.17
1448940600,8.17
1448941200,8.17
1448941800,8.17
1448942400,8.16
1448943000,8.17
1448943600,8.17
1448944200,8.16
1448944800,8.16
1448945400,8.15
1448946000,8.16
1448946600,8.16
1448947200,8.16
1448947800,8.15
1448948400,8.17
1448949000,8.16
1448949600,8.16
1448950200,8.14
1448950800,8.15
1448951400,8.13
1448952000,8.15
1448952600,8.15
1448953200,8.15
1448953800,8.17
1448954400,8.18
1448955000,8.189999
1448955600,8.189999
1448956200,8.189999
1448956800,8.189999
1448957400,8.189999
1448958000,8.18
1448958600,8.18
1448959200,8.18
1448959800,8.17
1448960400,8.17
1448961000,8.16
1448961600,8.17
1448962200,8.16
1448962800,8.17
1448963400,8.15
1448964000,8.16
1448964600,8.15
1448965200,8.15
1448965800,8.16
1448966400,8.15
1448967000,8.14
1448967600,8.16
1448968200,8.15
1448968800,8.15
1448969400,8.15
1448970000,8.14
1448970600,8.14
1448971200,8.14
1448971800,8.14
1448972400,8.15
1448973000,8.14
1448973600,8.14
1448974200,8.14
1448974800,8.13
1448975400,8.14
1448976000,8.14
1448976600,8.13
1448977200,8.14
1448977800,8.16
1448978400,8.16
1448979000,8.16
1448979600,8.15
1448980200,8.16
1448980800,8.16
1448981400,8.16
1448982000,8.16
1448982600,8.16
1448983200,8.14
1448983800,8.16
1448984400,8.16
1448985000,8.15
1448985600,8.15
1448986200,8.16
1448986800,8.16
1448987400,8.16
1448988000,8.16
1448988600,8.15
1448989200,8.16
1448989800,8.16
1448990400,8.16
1448991000,8.14
1448991600,8.16
1448992200,8.16
1448992800,8.16
1448993400,8.17
1448994000,8.17
1448994600,8.17
1448995200,8.16
1448996400,8.17
1448997000,8.17
1448997600,8.17
1448998200,8.17
1448998800,8.18
1448999400,8.18
1449000000,8.18
1449000600,8.17
1449001200,8.17
1449001800,8.17
1449002400,8.17
1449003000,8.17
1449003600,8.17
1449004200,8.17
1449004800,8.17
1449005400,8.15
1449006000,8.17
1449006600,8.17
1449007200,8.16
1449007800,8.17
