1448928000,265.92
1448928600,265.9
1448929200,265.85
1448929800,265.9
1448930400,265.9
1448931000,265.92
1448931600,265.97
1448932200,266.04
1448932800,265.96
1448933400,265.89
1448934000,265.85
1448934600,265.84
1448935200,265.76
1448935800,265.77
1448936400,265.89
1448937000,266.02
1448937600,266.13
1448938200,266.23
1448938800,266.24
1448939400,266.33
1448940000,266.41
1448940600,266.42
1448941200,266.44
1448941800,266.51
1448942400,266.6
1448943000,266.58
1448943600,266.61
1448944200,266.65
1448944800,266.59
1448945400,266.66
1448946000,266.6
1448946600,266.54
1448947200,266.63
1448947800,266.67
1448948400,266.77
1448949000,266.83
1448949600,267.04
1448950200,267.13
1448950800,267.28
1448951400,267.13
1448952000,266.98
1448952600,266.88
1448953200,266.78
1448953800,266.6
1448954400,266.34
1448955000,265.97
1448955600,265.6
1448956200,265.41
1448956800,265.26
1448957400,265.2
1448958000,265.2
1448958600,265.21
1448959200,265.18
1448959800,265.15
1448960400,265.11
1448961000,265.14
1448961600,265.11
1448962200,265.04
1448962800,264.96
1448963400,264.87
1448964000,264.81
1448964600,264.75
1448965200,264.77
1448965800,264.72
1448966400,264.82
1448967000,264.86
1448967600,264.99
1448968200,265.05
1448968800,265.18
1448969400,265.38
1448970000,265.55
1448970600,265.78
1448971200,265.91
1448971800,266.05
1448972400,266.12
1448973000,266.19
1448973600,266.18
1448974200,266.17
1448974800,266.02
1448975400,265.94
1448976000,265.94
1448976600,265.91
1448977200,266.01
1448977800,266.02
1448978400,266.0
1448979000,266.12
1448979600,266.1
1448980200,266.16
1448980800,266.33
1448981400,266.4
1448982000,266.58
1448982600,266.63
1448983200,266.69
1448983800,266.76
1448984400,266.82
1448985000,266.91
1448985600,266.93
1448986200,267.03
1448986800,267.05
1448987400,267.08
1448988000,267.07
1448988600,267.24
1448989200,267.36
1448989800,267.47
1448990400,267.51
1448991000,267.54
1448991600,267.73
1448992200,267.95
1448992800,268.05
1448993400,268.04
1448994000,268.0
1448994600,268.08
1448995200,268.27
1448996400,267.95
1448997000,267.64
1448997600,267.23
1448998200,266.61
1448998800,266.26
1448999400,265.89
1449000000,265.71
1449000600,265.47
1449001200,265.29
1449001800,265.11
1449002400,264.98
1449003000,264.9
1449003600,264.87
1449004200,264.9
1449004800,264.92
1449005400,264.92
1449006000,265.01
1449006600,265.06
1449007200,265.2
1449007800,265.79
