1448928000,11.2
1448928600,11.19
1448929200,11.2
1448929800,11.2
1448930400,11.19
1448931000,11.19
1448931600,11.19
1448932200,11.2
1448932800,11.21
1448933400,11.22
1448934000,11.22
1448934600,11.23
1448935200,11.23
1448935800,11.24
1448936400,11.22
1448937000,11.22
1448937600,11.23
1448938200,11.22
1448938800,11.22
1448939400,11.22
1448940000,11.22
1448940600,11.22
1448941200,11.24
1448941800,11.25
1448942400,11.24
1448943000,11.26
1448943600,11.26
1448944200,11.25
1448944800,11.25
1448945400,11.26
1448946000,11.25
1448946600,11.26
1448947200,11.25
1448947800,11.25
1448948400,11.25
1448949000,11.24
1448949600,11.25
1448950200,11.24
1448950800,11.24
1448951400,11.23
1448952000,11.23
1448952600,11.22
1448953200,11.23
1448953800,11.23
1448954400,11.23
1448955000,11.22
1448955600,11.21
1448956200,11.22
1448956800,11.21
1448957400,11.21
1448958000,11.2
1448958600,11.21
1448959200,11.2
1448959800,11.2
1448960400,11.19
1448961000,11.19
1448961600,11.19
1448962200,11.19
1448962800,11.19
1448963400,11.19
1448964000,11.19
1448964600,11.19
1448965200,11.19
1448965800,11.19
1448966400,11.19
1448967000,11.18
1448967600,11.18
1448968200,11.19
1448968800,11.19
1448969400,11.18
1448970000,11.19
1448970600,11.18
1448971200,11.18
1448971800,11.18
1448972400,11.19
1448973000,11.18
1448973600,11.19
1448974200,11.2
1448974800,11.19
1448975400,11.19
1448976000,11.18
1448976600,11.18
1448977200,11.18
1448977800,11.17
1448978400,11.18
1448979000,11.18
1448979600,11.18
1448980200,11.17
1448980800,11.17
1448981400,11.18
1448982000,11.17
1448982600,11.18
1448983200,11.18
1448983800,11.19
1448984400,11.18
1448985000,11.18
1448985600,11.18
1448986200,11.19
1448986800,11.19
1448987400,11.19
1448988000,11.19
1448988600,11.19
1448989200,11.2
1448989800,11.21
1448990400,11.2
1448991000,11.21
1448991600,11.22
1448992200,11.24
1448992800,11.25
1448993400,11.24
1448994000,11.24
1448994600,11.24
1448995200,11.25
1448996400,11.23
1448997000,11.21
1448997600,11.19
1448998200,11.19
1448998800,11.16
1448999400,11.17
1449000000,11.16
1449000600,11.15
1449001200,11.16
1449001800,11.14
1449002400,11.14
1449003000,11.14
1449003600,11.14
1449004200,11.14
1449004800,11.14
1449005400,11.15
1449006000,11.15
1449006600,11.14
1449007200,11.15
1449007800,11.16
