1435795200,276.42
1435795800,275.76
1435796400,275.45
1435797000,275.28
1435797600,275.12
1435798200,275.46
1435798800,275.31
1435799400,275.67
1435800000,275.76
1435800600,275.74
1435801200,275.8
1435801800,276.07
1435802400,276.52
1435803000,275.64
1435803600,276.24
1435804200,276.81
1435804800,276.88
1435805400,276.66
1435806000,276.41
1435806600,276.92
1435807200,277.62
1435807800,277.64
1435808400,277.5
1435809000,277.78
1435809600,277.92
1435810200,278.2
1435810800,277.78
1435811400,277.63
1435812000,277.44
1435812600,277.15
1435813200,277.25
1435813800,278.22
1435814400,278.5
1435815000,278.62
1435815600,279.21
1435816200,278.66
1435816800,279.6
1435817400,279.34
1435818000,279.14
1435818600,279.37
1435819200,279.17
1435819800,279.2
1435820400,279.05
1435821000,279.26
1435821600,278.77
1435822200,278.8
1435822800,278.82
1435823400,278.98
1435824000,278.92
1435824600,279.05
1435825200,278.69
1435825800,278.53
1435826400,278.34
1435827000,278.08
1435827600,277.84
1435828200,277.77
1435828800,277.86
1435829400,277.62
1435830000,277.41
1435830600,277.54
1435831200,277.36
1435831800,277.41
1435832400,277.5
1435833000,277.44
1435833600,277.65
1435834200,277.37
1435834800,277.21
1435835400,277.44
1435836000,277.32
1435836600,277.33
1435837200,277.1
1435837800,277.14
1435838400,277.31
1435839000,277.08
1435839600,276.99
1435840200,276.86
1435840800,276.98
1435841400,276.71
1435842000,276.71
1435842600,276.91
1435843200,276.89
1435843800,276.82
1435844400,276.86
1435845000,276.76
1435845600,276.38
1435846200,276.45
1435846800,276.44
1435847400,276.44
1435848000,276.36
1435848600,276.43
1435849200,276.31
1435849800,276.59
1435850400,276.42
1435851000,276.9
1435851600,276.67
1435852200,277.01
1435852800,276.94
1435853400,276.98
1435854000,276.71
1435854600,276.75
1435855200,277.04
1435855800,276.57
1435856400,276.19
1435857000,276.1
1435857600,275.82
1435858200,275.0
1435858800,274.86
1435859400,275.12
1435860000,274.57
1435860600,274.67
1435861200,274.36
1435861800,274.41
1435862400,274.77
1435863000,274.96
1435863600,274.87
1435864200,274.88
