1435795200,0.67
1435795800,0.57
1435796400,0.87
1435797000,0.72
1435797600,0.73
1435798200,0.64
1435798800,0.54
1435799400,0.43
1435800000,0.78
1435800600,0.77
1435801200,0.67
1435801800,0.87
1435802400,0.46
1435803000,0.54
1435803600,0.85
1435804200,2.77
1435804800,0.86
1435805400,0.72
1435806000,0.43
1435806600,0.68
1435807200,0.92
1435807800,0.77
1435808400,0.66
1435809000,0.84
1435809600,0.75
1435810200,0.6
1435810800,0.88
1435811400,0.62
1435812000,0.71
1435812600,0.89
1435813200,1.01
1435813800,0.58
1435814400,0.85
1435815000,0.86
1435815600,0.88
1435816200,0.87
1435816800,0.49
1435817400,0.6
1435818000,1.47
1435818600,0.66
1435819200,0.63
1435819800,0.89
1435820400,0.58
1435821000,0.55
1435821600,0.58
1435822200,0.65
1435822800,0.66
1435823400,0.87
1435824000,0.84
1435824600,0.7
1435825200,0.91
1435825800,0.77
1435826400,0.49
1435827000,0.6
1435827600,0.68
1435828200,0.59
1435828800,0.55
1435829400,0.46
1435830000,0.32
1435830600,0.55
1435831200,0.56
1435831800,0.57
1435832400,0.6
1435833000,0.44
1435833600,0.58
1435834200,0.61
1435834800,0.78
1435835400,0.75
1435836000,0.72
1435836600,0.58
1435837200,0.71
1435837800,0.91
1435838400,0.49
1435839000,0.67
1435839600,0.61
1435840200,0.81
1435840800,0.64
1435841400,0.43
1435842000,0.49
1435842600,0.71
1435843200,0.54
1435843800,0.55
1435844400,0.6
1435845000,0.41
1435845600,0.77
1435846200,0.72
1435846800,0.49
1435847400,0.79
1435848000,0.6
1435848600,0.53
1435849200,0.72
1435849800,0.43
1435850400,0.5
1435851000,0.45
1435851600,0.87
1435852200,0.69
1435852800,0.46
1435853400,0.51
1435854000,0.53
1435854600,0.6
1435855200,0.65
1435855800,0.56
1435856400,0.35
1435857000,0.66
1435857600,0.74
1435858200,0.58
1435858800,0.65
1435859400,0.74
1435860000,0.5
1435860600,0.88
1435861200,0.86
1435861800,0.53
1435862400,0.61
1435863000,0.65
1435863600,0.44
1435864200,0.64
