1435795200,89.3
1435795800,89.57
1435796400,90.29
1435797000,90.35
1435797600,90.77
1435798200,90.46
1435798800,90.94
1435799400,90.6
1435800000,91.04
1435800600,91.07
1435801200,91.02
1435801800,90.58
1435802400,90.06
1435803000,91.03
1435803600,90.82
1435804200,90.04
1435804800,89.74
1435805400,89.85
1435806000,89.98
1435806600,89.51
1435807200,88.79
1435807800,89.05
1435808400,88.16
1435809000,88.51
1435809600,88.26
1435810200,88.17
1435810800,89.07
1435811400,88.47
1435812000,88.94
1435812600,89.12
1435813200,87.53
1435813800,85.84
1435814400,85.85
1435815000,86.05
1435815600,86.37
1435816200,86.49
1435816800,84.48
1435817400,84.78
1435818000,84.65
1435818600,83.92
1435819200,84.45
1435819800,84.95
1435820400,85.05
1435821000,85.51
1435821600,86.14
1435822200,85.42
1435822800,84.81
1435823400,83.77
1435824000,83.82
1435824600,82.61
1435825200,82.36
1435825800,82.01
1435826400,81.64
1435827000,81.18
1435827600,81.12
1435828200,80.92
1435828800,80.99
1435829400,82.02
1435830000,81.79
1435830600,81.78
1435831200,81.65
1435831800,82.1
1435832400,82.4
1435833000,82.19
1435833600,81.49
1435834200,82.17
1435834800,82.91
1435835400,81.39
1435836000,81.38
1435836600,81.16
1435837200,81.53
1435837800,82.18
1435838400,81.33
1435839000,81.05
1435839600,82.04
1435840200,82.3
1435840800,81.96
1435841400,82.71
1435842000,82.56
1435842600,81.95
1435843200,81.75
1435843800,81.59
1435844400,81.48
1435845000,81.69
1435845600,81.72
1435846200,81.69
1435846800,81.7
1435847400,81.59
1435848000,82.12
1435848600,81.77
1435849200,81.96
1435849800,81.65
1435850400,81.33
1435851000,80.9
1435851600,80.87
1435852200,79.56
1435852800,79.02
1435853400,78.36
1435854000,78.32
1435854600,78.11
1435855200,77.86
1435855800,77.46
1435856400,77.54
1435857000,77.06
1435857600,77.46
1435858200,79.07
1435858800,79.3
1435859400,78.27
1435860000,78.56
1435860600,78.11
1435861200,79.29
1435861800,78.95
1435862400,77.26
1435863000,76.23
1435863600,75.21
1435864200,75.57
