1435795200,7.78
1435795800,7.8
1435796400,7.86
1435797000,7.87
1435797600,7.9
1435798200,7.87
1435798800,7.91
1435799400,7.88
1435800000,7.91
1435800600,7.91
1435801200,7.91
1435801800,7.87
1435802400,7.83
1435803000,7.91
1435803600,7.89
1435804200,7.82
1435804800,7.8
1435805400,7.81
1435806000,7.82
1435806600,7.78
1435807200,7.71
1435807800,7.73
1435808400,7.66
1435809000,7.69
1435809600,7.67
1435810200,7.66
1435810800,7.74
1435811400,7.68
1435812000,7.72
1435812600,7.74
1435813200,7.61
1435813800,7.48
1435814400,7.49
1435815000,7.5
1435815600,7.53
1435816200,7.54
1435816800,7.38
1435817400,7.42
1435818000,7.41
1435818600,7.35
1435819200,7.39
1435819800,7.42
1435820400,7.43
1435821000,7.46
1435821600,7.51
1435822200,7.45
1435822800,7.41
1435823400,7.33
1435824000,7.33
1435824600,7.23
1435825200,7.22
1435825800,7.19
1435826400,7.16
1435827000,7.13
1435827600,7.13
1435828200,7.11
1435828800,7.12
1435829400,7.2
1435830000,7.18
1435830600,7.18
1435831200,7.17
1435831800,7.21
1435832400,7.23
1435833000,7.21
1435833600,7.15
1435834200,7.21
1435834800,7.27
1435835400,7.15
1435836000,7.15
1435836600,7.13
1435837200,7.16
1435837800,7.22
1435838400,7.15
1435839000,7.12
1435839600,7.21
1435840200,7.23
1435840800,7.2
1435841400,7.26
1435842000,7.25
1435842600,7.2
1435843200,7.19
1435843800,7.17
1435844400,7.17
1435845000,7.18
1435845600,7.19
1435846200,7.18
1435846800,7.19
1435847400,7.18
1435848000,7.22
1435848600,7.19
1435849200,7.21
1435849800,7.18
1435850400,7.16
1435851000,7.12
1435851600,7.12
1435852200,7.01
1435852800,6.97
1435853400,6.91
1435854000,6.91
1435854600,6.89
1435855200,6.88
1435855800,6.84
1435856400,6.85
1435857000,6.81
1435857600,6.85
1435858200,6.99
1435858800,7.01
1435859400,6.92
1435860000,6.95
1435860600,6.91
1435861200,7.01
1435861800,6.98
1435862400,6.84
1435863000,6.75
1435863600,6.66
1435864200,6.69
