1435795200,22.14
1435795800,22.16
1435796400,22.18
1435797000,22.19
1435797600,22.22
1435798200,22.22
1435798800,22.24
1435799400,22.25
1435800000,22.28
1435800600,22.28
1435801200,22.29
1435801800,22.28
1435802400,22.27
1435803000,22.3
1435803600,22.31
1435804200,22.3
1435804800,22.29
1435805400,22.3
1435806000,22.3
1435806600,22.3
1435807200,22.31
1435807800,22.33
1435808400,22.32
1435809000,22.32
1435809600,22.32
1435810200,22.31
1435810800,22.31
1435811400,22.31
1435812000,22.32
1435812600,22.32
1435813200,22.28
1435813800,22.17
1435814400,22.11
1435815000,22.1
1435815600,22.11
1435816200,22.11
1435816800,21.99
1435817400,21.95
1435818000,21.93
1435818600,21.88
1435819200,21.93
1435819800,21.99
1435820400,22.02
1435821000,22.07
1435821600,22.12
1435822200,22.07
1435822800,22.03
1435823400,21.96
1435824000,21.96
1435824600,21.89
1435825200,21.86
1435825800,21.82
1435826400,21.81
1435827000,21.74
1435827600,21.71
1435828200,21.69
1435828800,21.7
1435829400,21.75
1435830000,21.75
1435830600,21.74
1435831200,21.73
1435831800,21.75
1435832400,21.79
1435833000,21.78
1435833600,21.75
1435834200,21.76
1435834800,21.8
1435835400,21.75
1435836000,21.74
1435836600,21.73
1435837200,21.74
1435837800,21.74
1435838400,21.72
1435839000,21.69
1435839600,21.73
1435840200,21.74
1435840800,21.73
1435841400,21.73
1435842000,21.72
1435842600,21.7
1435843200,21.68
1435843800,21.67
1435844400,21.66
1435845000,21.67
1435845600,21.67
1435846200,21.67
1435846800,21.66
1435847400,21.65
1435848000,21.66
1435848600,21.65
1435849200,21.65
1435849800,21.63
1435850400,21.61
1435851000,21.59
1435851600,21.58
1435852200,21.55
1435852800,21.52
1435853400,21.49
1435854000,21.48
1435854600,21.48
1435855200,21.46
1435855800,21.43
1435856400,21.41
1435857000,21.4
1435857600,21.4
1435858200,21.39
1435858800,21.4
1435859400,21.37
1435860000,21.35
1435860600,21.35
1435861200,21.36
1435861800,21.37
1435862400,21.34
1435863000,21.33
1435863600,21.31
1435864200,21.31
