1435795200,8.020001
1435795800,8.020001
1435796400,8.04
1435797000,8.04
1435797600,8.04
1435798200,8.03
1435798800,8.05
1435799400,8.03
1435800000,8.05
1435800600,8.04
1435801200,8.04
1435801800,8.03
1435802400,8.020001
1435803000,8.04
1435803600,8.03
1435804200,8.020001
1435804800,8.020001
1435805400,8.020001
1435806000,8.020001
1435806600,8.01
1435807200,7.99
1435807800,7.99
1435808400,7.98
1435809000,7.98
1435809600,7.98
1435810200,7.98
1435810800,8.0
1435811400,7.99
1435812000,7.99
1435812600,8.0
1435813200,7.97
1435813800,7.95
1435814400,7.95
1435815000,7.95
1435815600,7.96
1435816200,7.95
1435816800,7.92
1435817400,7.93
1435818000,7.93
1435818600,7.91
1435819200,7.92
1435819800,7.93
1435820400,7.93
1435821000,7.94
1435821600,7.95
1435822200,7.94
1435822800,7.93
1435823400,7.91
1435824000,7.91
1435824600,7.9
1435825200,7.89
1435825800,7.89
1435826400,7.88
1435827000,7.88
1435827600,7.87
1435828200,7.88
1435828800,7.88
1435829400,7.89
1435830000,7.89
1435830600,7.88
1435831200,7.88
1435831800,7.89
1435832400,7.89
1435833000,7.89
1435833600,7.88
1435834200,7.89
1435834800,7.9
1435835400,7.88
1435836000,7.88
1435836600,7.88
1435837200,7.89
1435837800,7.89
1435838400,7.88
1435839000,7.88
1435839600,7.89
1435840200,7.9
1435840800,7.89
1435841400,7.9
1435842000,7.9
1435842600,7.89
1435843200,7.89
1435843800,7.88
1435844400,7.88
1435845000,7.88
1435845600,7.88
1435846200,7.88
1435846800,7.89
1435847400,7.88
1435848000,7.89
1435848600,7.89
1435849200,7.89
1435849800,7.89
1435850400,7.88
1435851000,7.88
1435851600,7.88
1435852200,7.86
1435852800,7.86
1435853400,7.84
1435854000,7.84
1435854600,7.85
1435855200,7.84
1435855800,7.83
1435856400,7.84
1435857000,7.84
1435857600,7.84
1435858200,7.87
1435858800,7.87
1435859400,7.86
1435860000,7.86
1435860600,7.86
1435861200,7.87
1435861800,7.87
1435862400,7.84
1435863000,7.83
1435863600,7.82
1435864200,7.82
