1448928000,11.73
1448928600,11.75
1448929200,11.77
1448929800,11.75
1448930400,11.75
1448931000,11.75
1448931600,11.75
1448932200,11.76
1448932800,11.76
1448933400,11.76
1448934000,11.75
1448934600,11.77
1448935200,11.75
1448935800,11.73
1448936400,11.75
1448937000,11.75
1448937600,11.74
1448938200,11.73
1448938800,11.74
1448939400,11.72
1448940000,11.76
1448940600,11.74
1448941200,11.75
1448941800,11.76
1448942400,11.76
1448943000,11.77
1448943600,11.78
1448944200,11.77
1448944800,11.77
1448945400,11.75
1448946000,11.77
1448946600,11.77
1448947200,11.76
1448947800,11.77
1448948400,11.76
1448949000,11.75
1448949600,11.77
1448950200,11.76
1448950800,11.76
1448951400,11.76
1448952000,11.75
1448952600,11.76
1448953200,11.77
1448953800,11.76
1448954400,11.76
1448955000,11.75
1448955600,11.74
1448956200,11.74
1448956800,11.75
1448957400,11.74
1448958000,11.73
1448958600,11.77
1448959200,11.79
1448959800,11.84
1448960400,11.87
1448961000,11.88
1448961600,11.86
1448962200,11.86
1448962800,11.86
1448963400,11.85
1448964000,11.82
1448964600,11.85
1448965200,11.82
1448965800,11.84
1448966400,11.84
1448967000,11.83
1448967600,11.84
1448968200,11.83
1448968800,11.83
1448969400,11.82
1448970000,11.79
1448970600,11.83
1448971200,11.81
1448971800,11.82
1448972400,11.8
1448973000,11.8
1448973600,11.78
1448974200,11.78
1448974800,11.77
1448975400,11.75
1448976000,11.74
1448976600,11.7
1448977200,11.74
1448977800,11.72
1448978400,11.73
1448979000,11.72
1448979600,11.74
1448980200,11.74
1448980800,11.72
1448981400,11.73
1448982000,11.73
1448982600,11.71
1448983200,11.69
1448983800,11.7
1448984400,11.7
1448985000,11.69
1448985600,11.68
1448986200,11.66
1448986800,11.68
1448987400,11.68
1448988000,11.68
1448988600,11.67
1448989200,11.68
1448989800,11.67
1448990400,11.67
1448991000,11.65
1448991600,11.66
1448992200,11.65
1448992800,11.63
1448993400,11.66
1448994000,11.66
1448994600,11.63
1448995200,11.66
1448995800,11.65
1448996400,11.65
1448997000,11.63
1448997600,11.62
1448998200,11.61
1448998800,11.58
1448999400,11.58
1449000000,11.56
1449000600,11.55
1449001200,11.54
1449001800,11.54
1449002400,11.52
1449003000,11.51
1449003600,11.47
1449004200,11.51
1449004800,11.5
1449005400,11.48
1449006000,11.48
1449006600,11.48
1449007200,11.5
