1448928000,6.38
1448928600,6.38
1448929200,6.37
1448929800,6.37
1448930400,6.37
1448931000,6.36
1448931600,6.36
1448932200,6.36
1448932800,6.36
1448933400,6.37
1448934000,6.37
1448934600,6.37
1448935200,6.37
1448935800,6.37
1448936400,6.37
1448937000,6.38
1448937600,6.38
1448938200,6.38
1448938800,6.37
1448939400,6.37
1448940000,6.36
1448940600,6.35
1448941200,6.34
1448941800,6.33
1448942400,6.33
1448943000,6.32
1448943600,6.31
1448944200,6.31
1448944800,6.31
1448945400,6.31
1448946000,6.31
1448946600,6.3
1448947200,6.3
1448947800,6.3
1448948400,6.3
1448949000,6.3
1448949600,6.29
1448950200,6.29
1448950800,6.29
1448951400,6.29
1448952000,6.28
1448952600,6.28
1448953200,6.28
1448953800,6.28
1448954400,6.28
1448955000,6.28
1448955600,6.29
1448956200,6.29
1448956800,6.29
1448957400,6.29
1448958000,6.29
1448958600,6.26
1448959200,6.22
1448959800,6.1
1448960400,6.05
1448961000,6.01
1448961600,6.01
1448962200,6.0
1448962800,6.01
1448963400,6.0
1448964000,6.0
1448964600,5.98
1448965200,5.97
1448965800,5.95
1448966400,5.92
1448967000,5.9
1448967600,5.89
1448968200,5.89
1448968800,5.88
1448969400,5.88
1448970000,5.88
1448970600,5.88
1448971200,5.88
1448971800,5.86
1448972400,5.85
1448973000,5.83
1448973600,5.82
1448974200,5.8
1448974800,5.79
1448975400,5.76
1448976000,5.74
1448976600,5.74
1448977200,5.73
1448977800,5.74
1448978400,5.74
1448979000,5.75
1448979600,5.75
1448980200,5.76
1448980800,5.76
1448981400,5.77
1448982000,5.78
1448982600,5.78
1448983200,5.79
1448983800,5.8
1448984400,5.8
1448985000,5.81
1448985600,5.82
1448986200,5.84
1448986800,5.85
1448987400,5.87
1448988000,5.88
1448988600,5.89
1448989200,5.91
1448989800,5.93
1448990400,5.94
1448991000,5.95
1448991600,5.95
1448992200,5.94
1448992800,5.94
1448993400,5.95
1448994000,5.95
1448994600,5.96
1448995200,5.96
1448995800,5.97
1448996400,5.96
1448997000,5.96
1448997600,5.95
1448998200,5.93
1448998800,5.92
1448999400,5.88
1449000000,5.87
1449000600,5.86
1449001200,5.85
1449001800,5.85
1449002400,5.85
1449003000,5.85
1449003600,5.86
1449004200,5.87
1449004800,5.88
1449005400,5.89
1449006000,5.9
1449006600,5.91
1449007200,5.91
