1448928000,257.55
1448928600,257.4
1448929200,257.0
1448929800,257.0
1448930400,256.9
1448931000,256.83
1448931600,256.61
1448932200,256.68
1448932800,256.52
1448933400,256.91
1448934000,257.06
1448934600,257.16
1448935200,257.01
1448935800,257.2
1448936400,257.62
1448937000,257.59
1448937600,257.83
1448938200,257.63
1448938800,257.87
1448939400,257.68
1448940000,257.4
1448940600,257.19
1448941200,256.99
1448941800,256.52
1448942400,256.32
1448943000,255.97
1448943600,255.58
1448944200,255.53
1448944800,255.32
1448945400,255.2
1448946000,254.74
1448946600,254.73
1448947200,254.56
1448947800,254.21
1448948400,253.94
1448949000,253.87
1448949600,253.79
1448950200,253.53
1448950800,253.31
1448951400,253.3
1448952000,253.21
1448952600,253.2
1448953200,253.25
1448953800,253.07
1448954400,252.94
1448955000,253.15
1448955600,253.07
1448956200,253.37
1448956800,253.54
1448957400,253.53
1448958000,254.03
1448958600,254.03
1448959200,253.8
1448959800,253.77
1448960400,253.62
1448961000,253.25
1448961600,253.08
1448962200,253.02
1448962800,252.88
1448963400,252.89
1448964000,253.07
1448964600,253.19
1448965200,253.28
1448965800,253.61
1448966400,254.22
1448967000,254.35
1448967600,254.64
1448968200,254.75
1448968800,255.0
1448969400,255.19
1448970000,255.06
1448970600,255.25
1448971200,255.46
1448971800,256.13
1448972400,256.27
1448973000,256.86
1448973600,257.35
1448974200,258.37
1448974800,259.34
1448975400,261.08
1448976000,262.29
1448976600,263.04
1448977200,263.31
1448977800,263.24
1448978400,263.07
1448979000,262.76
1448979600,261.86
1448980200,261.79
1448980800,261.63
1448981400,261.5
1448982000,261.92
1448982600,262.01
1448983200,262.09
1448983800,262.08
1448984400,262.43
1448985000,262.41
1448985600,262.4
1448986200,262.56
1448986800,262.25
1448987400,262.03
1448988000,261.75
1448988600,261.26
1448989200,260.99
1448989800,260.65
1448990400,260.34
1448991000,260.03
1448991600,260.24
1448992200,260.51
1448992800,260.63
1448993400,260.83
1448994000,261.15
1448994600,261.49
1448995200,261.84
1448995800,262.53
1448996400,263.73
1448997000,264.63
1448997600,265.5
1448998200,266.53
1448998800,268.0
1448999400,270.0
1449000000,271.2
1449000600,271.76
1449001200,272.36
1449001800,272.71
1449002400,272.82
1449003000,273.11
1449003600,273.33
1449004200,273.14
1449004800,272.92
1449005400,272.47
1449006000,272.04
1449006600,271.93
1449007200,271.71
