1448928000,95.2
1448928600,95.4
1448929200,95.48
1448929800,95.32
1448930400,95.33
1448931000,95.37
1448931600,95.32
1448932200,95.38
1448932800,95.42
1448933400,95.41
1448934000,95.34
1448934600,95.47
1448935200,95.37
1448935800,95.16
1448936400,95.34
1448937000,95.34
1448937600,95.32
1448938200,95.19
1448938800,95.31
1448939400,95.08
1448940000,95.37
1448940600,95.25
1448941200,95.3
1448941800,95.36
1448942400,95.31
1448943000,95.41
1448943600,95.43
1448944200,95.35
1448944800,95.35
1448945400,95.21
1448946000,95.32
1448946600,95.33
1448947200,95.24
1448947800,95.33
1448948400,95.26
1448949000,95.16
1448949600,95.29
1448950200,95.24
1448950800,95.26
1448951400,95.21
1448952000,95.16
1448952600,95.22
1448953200,95.26
1448953800,95.21
1448954400,95.22
1448955000,95.15
1448955600,95.05
1448956200,95.04
1448956800,95.12
1448957400,95.06
1448958000,95.0
1448958600,95.24
1448959200,95.29
1448959800,95.41
1448960400,95.55
1448961000,95.54
1448961600,95.34
1448962200,95.37
1448962800,95.33
1448963400,95.23
1448964000,95.02
1448964600,95.17
1448965200,94.93
1448965800,95.02
1448966400,94.97
1448967000,94.89
1448967600,94.9
1448968200,94.86
1448968800,94.82
1448969400,94.74
1448970000,94.53
1448970600,94.78
1448971200,94.61
1448971800,94.7
1448972400,94.45
1448973000,94.43
1448973600,94.28
1448974200,94.25
1448974800,94.08
1448975400,93.9
1448976000,93.8
1448976600,93.45
1448977200,93.72
1448977800,93.6
1448978400,93.65
1448979000,93.66
1448979600,93.81
1448980200,93.82
1448980800,93.68
1448981400,93.74
1448982000,93.73
1448982600,93.64
1448983200,93.52
1448983800,93.56
1448984400,93.62
1448985000,93.5
1448985600,93.44
1448986200,93.31
1448986800,93.54
1448987400,93.61
1448988000,93.61
1448988600,93.57
1448989200,93.68
1448989800,93.65
1448990400,93.7
1448991000,93.52
1448991600,93.61
1448992200,93.53
1448992800,93.33
1448993400,93.57
1448994000,93.62
1448994600,93.42
1448995200,93.63
1448995800,93.6
1448996400,93.59
1448997000,93.41
1448997600,93.28
1448998200,93.18
1448998800,92.93
1448999400,92.82
1449000000,92.65
1449000600,92.49
1449001200,92.39
1449001800,92.41
1449002400,92.29
1449003000,92.22
1449003600,91.92
1449004200,92.25
1449004800,92.21
1449005400,92.05
1449006000,92.09
1449006600,92.05
1449007200,92.21
