1448928000,259.3
1448928600,259.63
1448929200,259.65
1448929800,259.36
1448930400,259.97
1448931000,259.99
1448931600,259.5
1448932200,259.82
1448932800,259.72
1448933400,259.43
1448934000,259.68
1448934600,259.77
1448935200,259.53
1448935800,259.86
1448936400,259.73
1448937000,259.32
1448937600,259.85
1448938200,259.66
1448938800,259.81
1448939400,259.67
1448940000,259.64
1448940600,259.71
1448941200,259.38
1448941800,259.72
1448942400,259.67
1448943000,259.64
1448943600,259.64
1448944200,259.58
1448944800,259.52
1448945400,259.85
1448946000,259.71
1448946600,259.5
1448947200,259.59
1448947800,259.54
1448948400,259.54
1448949000,259.92
1448949600,259.86
1448950200,259.85
1448950800,259.56
1448951400,259.94
1448952000,259.95
1448952600,259.72
1448953200,259.72
1448953800,259.74
1448954400,259.47
1448955000,259.45
1448955600,259.69
1448956200,259.87
1448956800,259.88
1448957400,259.98
1448958000,259.82
1448958600,259.75
1448959200,259.84
1448959800,259.57
1448960400,259.87
1448961000,259.79
1448961600,259.82
1448962200,259.98
1448962800,260.06
1448963400,259.97
1448964000,260.05
1448964600,259.8
1448965200,259.7
1448965800,260.02
1448966400,259.92
1448967000,259.73
1448967600,260.17
1448968200,259.82
1448968800,259.91
1448969400,259.91
1448970000,259.71
1448970600,260.03
1448971200,259.87
1448971800,259.96
1448972400,259.92
1448973000,259.72
1448973600,259.96
1448974200,259.73
1448974800,259.68
1448975400,259.66
1448976000,259.54
1448976600,259.65
1448977200,259.94
1448977800,259.5
1448978400,259.45
1448979000,259.86
1448979600,259.76
1448980200,259.99
1448980800,259.93
1448981400,260.21
1448982000,260.19
1448982600,260.09
1448983200,260.02
1448983800,260.35
1448984400,259.97
1448985000,260.18
1448985600,260.17
1448986200,260.28
1448986800,260.01
1448987400,260.08
1448988000,260.15
1448988600,260.09
1448989200,259.93
1448989800,260.1
1448990400,260.33
1448991000,259.96
1448991600,259.77
1448992200,259.85
1448992800,260.53
1448993400,260.24
1448994000,260.32
1448994600,259.74
1448995200,259.97
1448995800,259.98
1448996400,259.36
1448997000,259.59
1448997600,259.54
1448998200,259.73
1448998800,259.77
1448999400,259.86
1449000000,259.89
1449000600,259.64
1449001200,260.06
1449001800,259.67
1449002400,259.7
1449003000,259.81
1449003600,259.87
1449004200,260.0
1449004800,259.78
1449005400,259.98
1449006000,260.0
1449006600,259.82
1449007200,260.03
