1448928000,7.79
1448928600,7.79
1448929200,7.78
1448929800,7.78
1448930400,7.78
1448931000,7.77
1448931600,7.8
1448932200,7.8
1448932800,7.8
1448933400,7.8
1448934000,7.79
1448934600,7.79
1448935200,7.8
1448935800,7.78
1448936400,7.8
1448937000,7.8
1448937600,7.81
1448938200,7.81
1448938800,7.82
1448939400,7.81
1448940000,7.82
1448940600,7.82
1448941200,7.82
1448941800,7.83
1448942400,7.82
1448943000,7.83
1448943600,7.83
1448944200,7.84
1448944800,7.83
1448945400,7.83
1448946000,7.82
1448946600,7.83
1448947200,7.85
1448947800,7.85
1448948400,7.86
1448949000,7.85
1448949600,7.86
1448950200,7.86
1448950800,7.86
1448951400,7.87
1448952000,7.87
1448952600,7.87
1448953200,7.86
1448953800,7.87
1448954400,7.87
1448955000,7.87
1448955600,7.88
1448956200,7.87
1448956800,7.87
1448957400,7.87
1448958000,7.87
1448958600,7.88
1448959200,7.87
1448959800,7.89
1448960400,7.88
1448961000,7.88
1448961600,7.89
1448962200,7.89
1448962800,7.9
1448963400,7.89
1448964000,7.89
1448964600,7.89
1448965200,7.89
1448965800,7.89
1448966400,7.89
1448967000,7.9
1448967600,7.9
1448968200,7.91
1448968800,7.91
1448969400,7.92
1448970000,7.92
1448970600,7.91
1448971200,7.92
1448971800,7.92
1448972400,7.92
1448973000,7.92
1448973600,7.92
1448974200,7.92
1448974800,7.92
1448975400,7.92
1448976000,7.92
1448976600,7.92
1448977200,7.93
1448977800,7.93
1448978400,7.94
1448979000,7.94
1448979600,7.94
1448980200,7.96
1448980800,7.96
1448981400,7.97
1448982000,7.98
1448982600,7.98
1448983200,7.98
1448983800,7.99
1448984400,7.98
1448985000,7.99
1448985600,7.99
1448986200,7.99
1448986800,7.99
1448987400,7.99
1448988000,8.0
1448988600,8.0
1448989200,8.0
1448989800,8.0
1448990400,8.0
1448991000,8.0
1448991600,8.0
1448992200,8.0
1448992800,8.01
1448993400,8.01
1448994000,8.01
1448994600,8.01
1448995200,8.020001
1448995800,8.020001
1448996400,8.01
1448997000,8.01
1448997600,8.020001
1448998200,8.03
1448998800,8.020001
1448999400,8.020001
1449000000,8.020001
1449000600,8.03
1449001200,8.03
1449001800,8.03
1449002400,8.03
1449003000,8.03
1449003600,8.03
1449004200,8.03
1449004800,8.04
1449005400,8.05
1449006000,8.05
1449006600,8.05
1449007200,8.05
