1448928000,0.13
1448928600,0.14
1448929200,0.1
1448929800,0.11
1448930400,0.13
1448931000,0.14
1448931600,0.12
1448932200,0.11
1448932800,0.12
1448933400,0.13
1448934000,0.12
1448934600,0.1
1448935200,0.12
1448935800,0.13
1448936400,0.13
1448937000,0.13
1448937600,0.12
1448938200,0.13
1448938800,0.12
1448939400,0.13
1448940000,0.11
1448940600,0.14
1448941200,0.16
1448941800,0.12
1448942400,0.14
1448943000,0.14
1448943600,0.14
1448944200,0.11
1448944800,0.13
1448945400,0.13
1448946000,0.11
1448946600,0.13
1448947200,0.13
1448947800,0.11
1448948400,0.13
1448949000,0.16
1448949600,0.13
1448950200,0.12
1448950800,0.15
1448951400,0.13
1448952000,0.17
1448952600,0.16
1448953200,0.11
1448953800,0.13
1448954400,0.11
1448955000,0.13
1448955600,0.16
1448956200,0.11
1448956800,0.12
1448957400,0.12
1448958000,0.12
1448958600,0.16
1448959200,0.14
1448959800,0.16
1448960400,0.11
1448961000,0.14
1448961600,0.15
1448962200,0.15
1448962800,0.16
1448963400,0.14
1448964000,0.13
1448964600,0.12
1448965200,0.12
1448965800,0.11
1448966400,0.13
1448967000,0.11
1448967600,0.12
1448968200,0.1
1448968800,0.07
1448969400,0.12
1448970000,0.12
1448970600,0.1
1448971200,0.11
1448971800,0.11
1448972400,0.14
1448973000,0.12
1448973600,0.13
1448974200,0.15
1448974800,0.16
1448975400,0.12
1448976000,0.12
1448976600,0.1
1448977200,0.13
1448977800,0.18
1448978400,0.15
1448979000,0.11
1448979600,0.11
1448980200,0.11
1448980800,0.33
1448981400,0.26
1448982000,0.23
1448982600,0.2
1448983200,0.19
1448983800,0.23
1448984400,0.2
1448985000,0.18
1448985600,0.19
1448986200,0.18
1448986800,0.16
1448987400,0.21
1448988000,0.16
1448988600,0.18
1448989200,0.18
1448989800,0.15
1448990400,0.16
1448991000,0.17
1448991600,0.16
1448992200,0.15
1448992800,0.17
1448993400,0.19
1448994000,0.16
1448994600,0.2
1448995200,0.18
1448995800,0.21
1448996400,0.18
1448997000,0.2
1448997600,0.17
1448998200,0.14
1448998800,0.14
1448999400,0.15
1449000000,0.16
1449000600,0.17
1449001200,0.14
1449001800,0.14
1449002400,0.16
1449003000,0.15
1449003600,0.12
1449004200,0.14
1449004800,0.15
1449005400,0.16
1449006000,0.16
1449006600,0.15
1449007200,0.15
