1448928000,0.34
1448928600,0.37
1448929200,0.36
1448929800,0.37
1448930400,0.33
1448931000,0.34
1448931600,0.35
1448932200,0.35
1448932800,0.36
1448933400,0.36
1448934000,0.35
1448934600,0.37
1448935200,0.33
1448935800,0.35
1448936400,0.33
1448937000,0.33
1448937600,0.34
1448938200,0.36
1448938800,0.35
1448939400,0.34
1448940000,0.35
1448940600,0.35
1448941200,0.37
1448941800,0.35
1448942400,0.35
1448943000,0.35
1448943600,0.35
1448944200,0.37
1448944800,0.35
1448945400,0.33
1448946000,0.35
1448946600,0.35
1448947200,0.36
1448947800,0.35
1448948400,0.34
1448949000,0.37
1448949600,0.38
1448950200,0.35
1448950800,0.35
1448951400,0.33
1448952000,0.35
1448952600,0.34
1448953200,0.34
1448953800,0.36
1448954400,0.33
1448955000,0.35
1448955600,0.34
1448956200,0.35
1448956800,0.35
1448957400,0.35
1448958000,0.38
1448958600,0.34
1448959200,0.36
1448959800,0.34
1448960400,0.32
1448961000,0.35
1448961600,0.36
1448962200,0.34
1448962800,0.38
1448963400,0.35
1448964000,0.36
1448964600,0.35
1448965200,0.33
1448965800,0.36
1448966400,0.32
1448967000,0.34
1448967600,0.34
1448968200,0.32
1448968800,0.32
1448969400,0.31
1448970000,0.35
1448970600,0.34
1448971200,0.35
1448971800,0.32
1448972400,0.33
1448973000,0.33
1448973600,0.33
1448974200,0.36
1448974800,0.33
1448975400,0.32
1448976000,0.32
1448976600,0.32
1448977200,0.33
1448977800,0.35
1448978400,0.33
1448979000,0.34
1448979600,0.34
1448980200,0.31
1448980800,0.55
1448981400,0.49
1448982000,0.46
1448982600,0.46
1448983200,0.46
1448983800,0.46
1448984400,0.43
1448985000,0.43
1448985600,0.42
1448986200,0.41
1448986800,0.39
1448987400,0.41
1448988000,0.4
1448988600,0.41
1448989200,0.39
1448989800,0.43
1448990400,0.4
1448991000,0.37
1448991600,0.41
1448992200,0.39
1448992800,0.4
1448993400,0.4
1448994000,0.39
1448994600,0.38
1448995200,0.4
1448995800,0.41
1448996400,0.4
1448997000,0.38
1448997600,0.36
1448998200,0.38
1448998800,0.37
1448999400,0.38
1449000000,0.38
1449000600,0.35
1449001200,0.39
1449001800,0.37
1449002400,0.37
1449003000,0.41
1449003600,0.37
1449004200,0.39
1449004800,0.36
1449005400,0.36
1449006000,0.37
1449006600,0.36
1449007200,0.34
