1448928000,18.19
1448928600,16.99
1448929200,16.96
1448929800,19.64
1448930400,16.3
1448931000,16.93
1448931600,16.98
1448932200,15.15
1448932800,16.3
1448933400,16.12
1448934000,16.79
1448934600,16.15
1448935200,15.63
1448935800,15.02
1448936400,16.0
1448937000,14.94
1448937600,16.31
1448938200,16.18
1448938800,16.58
1448939400,16.61
1448940000,16.28
1448940600,15.42
1448941200,16.07
1448941800,16.23
1448942400,15.47
1448943000,14.37
1448943600,15.83
1448944200,17.13
1448944800,15.58
1448945400,16.98
1448946000,16.07
1448946600,15.93
1448947200,16.29
1448947800,16.53
1448948400,16.19
1448949000,15.8
1448949600,16.3
1448950200,15.48
1448950800,15.55
1448951400,15.42
1448952000,15.21
1448952600,15.0
1448953200,14.92
1448953800,15.9
1448954400,14.99
1448955000,15.06
1448955600,14.94
1448956200,15.53
1448956800,15.37
1448957400,14.38
1448958000,14.48
1448958600,15.22
1448959200,15.08
1448959800,16.32
1448960400,14.37
1448961000,14.5
1448961600,15.0
1448962200,18.07
1448962800,15.37
1448963400,15.39
1448964000,14.46
1448964600,14.48
1448965200,14.16
1448965800,14.73
1448966400,14.59
1448967000,14.21
1448967600,14.79
1448968200,14.41
1448968800,13.86
1448969400,15.07
1448970000,14.61
1448970600,14.0
1448971200,14.75
1448971800,14.35
1448972400,14.33
1448973000,13.71
1448973600,13.6
1448974200,13.74
1448974800,14.3
1448975400,13.78
1448976000,13.75
1448976600,13.29
1448977200,14.41
1448977800,13.84
1448978400,13.39
1448979000,13.7
1448979600,13.2
1448980200,14.34
1448980800,66.34
1448981400,57.61
1448982000,44.63
1448982600,44.51
1448983200,39.98
1448983800,40.42
1448984400,36.73
1448985000,36.09
1448985600,32.81
1448986200,30.57
1448986800,35.52
1448987400,30.5
1448988000,27.92
1448988600,33.95
1448989200,30.99
1448989800,31.85
1448990400,25.68
1448991000,25.97
1448991600,26.06
1448992200,27.86
1448992800,31.81
1448993400,31.46
1448994000,31.37
1448994600,25.8
1448995200,32.15
1448995800,26.04
1448996400,30.09
1448997000,16.44
1448997600,24.73
1448998200,26.92
1448998800,26.55
1448999400,26.9
1449000000,23.19
1449000600,24.23
1449001200,23.43
1449001800,23.85
1449002400,23.8
1449003000,23.21
1449003600,22.13
1449004200,26.79
1449004800,25.04
1449005400,24.43
1449006000,20.48
1449006600,21.47
1449007200,23.46
