1448929800,283.16
1448931000,283.37
1448931600,283.27
1448932200,283.25
1448932800,283.13
1448933400,283.11
1448934000,283.2
1448934600,283.11
1448935200,283.52
1448935800,283.7
1448936400,283.65
1448937000,283.75
1448937600,283.83
1448938200,283.82
1448938800,283.77
1448939400,283.64
1448940000,283.89
1448940600,283.59
1448941200,283.39
1448941800,283.29
1448942400,283.16
1448943000,282.95
1448943600,282.76
1448944200,282.65
1448944800,282.55
1448945400,282.54
1448946000,282.45
1448946600,282.45
1448947200,282.41
1448947800,282.42
1448948400,282.45
1448949000,282.5
1448949600,282.49
1448950200,282.68
1448950800,282.56
1448951400,282.4
1448952000,282.21
1448952600,282.53
1448953200,282.5
1448953800,282.59
1448954400,282.69
1448955000,282.68
1448955600,282.76
1448956200,282.87
1448956800,282.79
1448957400,282.88
1448958000,282.88
1448958600,282.81
1448959200,282.89
1448959800,282.83
1448960400,282.77
1448961000,282.73
1448961600,282.79
1448962200,282.73
1448962800,282.66
1448963400,282.59
1448964000,282.54
1448964600,282.56
1448965200,282.48
1448965800,282.5
1448966400,282.45
1448967000,282.62
1448967600,282.59
1448968200,282.63
1448968800,282.62
1448969400,282.83
1448970000,283.22
1448970600,283.38
1448971200,284.24
1448971800,284.99
1448972400,286.04
1448973000,286.32
1448973600,286.74
1448974200,287.1
1448974800,287.11
1448975400,286.61
1448976000,285.87
1448976600,284.8
1448977200,283.97
1448977800,283.32
1448978400,282.98
1448979000,283.37
1448979600,283.64
1448980200,283.89
1448980800,284.14
1448981400,284.46
1448982000,285.06
1448982600,285.94
1448983200,286.76
1448983800,287.33
1448984400,287.93
1448985000,288.81
1448985600,289.31
1448986200,289.61
1448986800,289.85
1448987400,290.21
1448988000,290.83
1448988600,291.43
1448989200,291.89
1448989800,292.49
1448990400,293.0
1448991000,293.32
1448991600,293.73
1448992200,293.85
1448992800,293.87
1448993400,293.9
1448994000,293.89
1448994600,293.8
1448995200,293.69
1448995800,293.71
1448996400,293.61
1448997000,293.46
1448997600,293.44
1448998200,293.2
1448998800,293.08
1448999400,292.84
1449000000,292.62
1449000600,292.57
1449001200,292.25
1449001800,292.15
1449002400,291.77
1449003000,291.73
1449003600,291.7
1449004200,291.59
1449004800,291.69
1449005400,291.73
1449006000,291.54
1449006600,291.4
