1448929800,5.81
1448931000,5.79
1448931600,5.77
1448932200,5.75
1448932800,5.73
1448933400,5.72
1448934000,5.72
1448934600,5.73
1448935200,5.73
1448935800,5.72
1448936400,5.72
1448937000,5.72
1448937600,5.7
1448938200,5.69
1448938800,5.67
1448939400,5.65
1448940000,5.63
1448940600,5.62
1448941200,5.6
1448941800,5.6
1448942400,5.6
1448943000,5.6
1448943600,5.61
1448944200,5.62
1448944800,5.63
1448945400,5.64
1448946000,5.65
1448946600,5.66
1448947200,5.67
1448947800,5.68
1448948400,5.69
1448949000,5.69
1448949600,5.7
1448950200,5.71
1448950800,5.72
1448951400,5.72
1448952000,5.73
1448952600,5.74
1448953200,5.75
1448953800,5.76
1448954400,5.77
1448955000,5.78
1448955600,5.79
1448956200,5.8
1448956800,5.81
1448957400,5.81
1448958000,5.81
1448958600,5.82
1448959200,5.83
1448959800,5.82
1448960400,5.81
1448961000,5.8
1448961600,5.8
1448962200,5.8
1448962800,5.79
1448963400,5.78
1448964000,5.78
1448964600,5.77
1448965200,5.76
1448965800,5.75
1448966400,5.74
1448967000,5.74
1448967600,5.74
1448968200,5.73
1448968800,5.73
1448969400,5.73
1448970000,5.72
1448970600,5.72
1448971200,5.71
1448971800,5.69
1448972400,5.67
1448973000,5.65
1448973600,5.64
1448974200,5.63
1448974800,5.61
1448975400,5.59
1448976000,5.56
1448976600,5.53
1448977200,5.51
1448977800,5.49
1448978400,5.47
1448979000,5.45
1448979600,5.44
1448980200,5.43
1448980800,5.43
1448981400,5.42
1448982000,5.42
1448982600,5.41
1448983200,5.41
1448983800,5.41
1448984400,5.41
1448985000,5.41
1448985600,5.41
1448986200,5.41
1448986800,5.41
1448987400,5.41
1448988000,5.41
1448988600,5.41
1448989200,5.41
1448989800,5.41
1448990400,5.41
1448991000,5.42
1448991600,5.42
1448992200,5.42
1448992800,5.42
1448993400,5.43
1448994000,5.43
1448994600,5.44
1448995200,5.44
1448995800,5.44
1448996400,5.45
1448997000,5.46
1448997600,5.46
1448998200,5.47
1448998800,5.47
1448999400,5.48
1449000000,5.49
1449000600,5.49
1449001200,5.5
1449001800,5.51
1449002400,5.53
1449003000,5.54
1449003600,5.55
1449004200,5.57
1449004800,5.57
1449005400,5.56
1449006000,5.57
1449006600,5.57
