1448929800,62.83
1448931000,61.76
1448931600,63.72
1448932200,62.63
1448932800,70.32
1448933400,63.49
1448934000,69.4
1448934600,66.68
1448935200,66.24
1448935800,70.31
1448936400,65.81
1448937000,68.29
1448937600,68.01
1448938200,66.31
1448938800,69.05
1448939400,68.32
1448940000,69.0
1448940600,70.55
1448941200,67.13
1448941800,68.89
1448942400,68.02
1448943000,66.21
1448943600,66.24
1448944200,65.02
1448944800,65.4
1448945400,63.75
1448946000,66.47
1448946600,61.65
1448947200,62.26
1448947800,62.27
1448948400,60.03
1448949000,62.76
1448949600,58.58
1448950200,57.43
1448950800,58.01
1448951400,57.53
1448952000,58.85
1448952600,59.25
1448953200,56.72
1448953800,55.8
1448954400,56.34
1448955000,55.82
1448955600,54.55
1448956200,55.57
1448956800,53.5
1448957400,54.24
1448958000,53.92
1448958600,53.4
1448959200,55.18
1448959800,54.79
1448960400,57.43
1448961000,56.27
1448961600,58.93
1448962200,58.59
1448962800,57.92
1448963400,58.62
1448964000,54.84
1448964600,55.83
1448965200,58.72
1448965800,57.18
1448966400,56.94
1448967000,60.84
1448967600,60.6
1448968200,60.44
1448968800,62.85
1448969400,61.96
1448970000,60.96
1448970600,60.94
1448971200,59.87
1448971800,57.7
1448972400,57.69
1448973000,58.22
1448973600,55.91
1448974200,55.87
1448974800,51.12
1448975400,49.77
1448976000,47.12
1448976600,46.6
1448977200,47.5
1448977800,44.75
1448978400,44.1
1448979000,43.33
1448979600,41.96
1448980200,42.24
1448980800,41.85
1448981400,41.49
1448982000,42.47
1448982600,40.41
1448983200,40.0
1448983800,40.37
1448984400,39.64
1448985000,39.71
1448985600,39.5
1448986200,39.49
1448986800,37.6
1448987400,37.11
1448988000,40.32
1448988600,38.0
1448989200,37.62
1448989800,37.2
1448990400,39.53
1448991000,35.11
1448991600,35.01
1448992200,35.53
1448992800,33.72
1448993400,32.95
1448994000,32.71
1448994600,33.62
1448995200,32.81
1448995800,31.57
1448996400,32.3
1448997000,32.41
1448997600,32.49
1448998200,31.54
1448998800,32.46
1448999400,31.59
1449000000,33.09
1449000600,33.07
1449001200,31.27
1449001800,31.34
1449002400,31.35
1449003000,30.26
1449003600,32.33
1449004200,31.25
1449004800,31.2
1449005400,30.33
1449006000,30.77
1449006600,30.25
