1436227200,117.0
1436227800,116.2
1436228400,115.1
1436229000,114.1
1436229600,114.1
1436230200,113.6
1436230800,113.3
1436231400,112.9
1436232000,111.7
1436232600,111.5
1436233200,111.4
1436233800,111.0
1436234400,110.6
1436238600,106.9
1436239200,106.4
1436239800,106.6
1436240400,105.9
1436241000,105.6
1436241600,105.4
1436242200,104.8
1436242800,104.2
1436243400,103.2
1436244000,103.0
1436244600,102.4
1436245200,102.3
1436245800,101.7
1436246400,101.4
1436247000,101.0
1436247600,101.1
1436248200,100.8
1436248800,100.7
1436256600,98.4
1436257200,98.4
1436257800,98.3
1436258400,98.2
1436259000,97.9
1436259600,97.7
1436263800,96.2
1436264400,95.9
1436265000,95.1
1436265600,94.9
1436266200,94.5
1436266800,94.8
1436278200,93.2
1436278800,92.9
1436279400,92.3
1436280000,92.4
1436280600,92.4
1436281200,91.6
1436281800,90.4
1436282400,89.1
1436283000,88.2
1436283600,87.9
1436284200,88.2
1436284800,88.8
1436285400,89.3
1436286000,90.3
1436286600,90.5
1436287200,90.9
1436287800,91.4
1436288400,91.4
