1436227200,23.31
1436227800,23.27
1436228400,23.22
1436229000,23.17
1436229600,23.16
1436230200,23.14
1436230800,23.11
1436231400,23.09
1436232000,23.05
1436232600,23.04
1436233200,23.02
1436233800,23.0
1436234400,22.98
1436238600,22.82
1436239200,22.81
1436239800,22.8
1436240400,22.77
1436241000,22.75
1436241600,22.74
1436242200,22.73
1436242800,22.71
1436243400,22.69
1436244000,22.67
1436244600,22.65
1436245200,22.63
1436245800,22.62
1436246400,22.6
1436247000,22.59
1436247600,22.58
1436248200,22.56
1436248800,22.54
1436256600,22.44
1436257200,22.42
1436257800,22.4
1436258400,22.4
1436259000,22.39
1436259600,22.38
1436263800,22.34
1436264400,22.34
1436265000,22.35
1436265600,22.35
1436266200,22.35
1436266800,22.36
1436278200,22.37
1436278800,22.37
1436279400,22.35
1436280000,22.36
1436280600,22.39
1436281200,22.4
1436281800,22.42
1436282400,22.45
1436283000,22.46
1436283600,22.47
1436284200,22.46
1436284800,22.46
1436285400,22.46
1436286000,22.44
1436286600,22.44
1436287200,22.42
1436287800,22.42
1436288400,22.41
