1436227200,-1.3
1436227800,-1.3
1436228400,-1.3
1436229000,-1.3
1436229600,-1.3
1436230200,-1.3
1436230800,-1.3
1436231400,-1.3
1436232000,-1.3
1436232600,-1.3
1436233200,-1.3
1436233800,-1.3
1436234400,-1.3
1436238600,-1.3
1436239200,-1.3
1436239800,-1.3
1436240400,-1.3
1436241000,-1.3
1436241600,-1.3
1436242200,-1.3
1436242800,-1.3
1436243400,-1.3
1436244000,-1.3
1436244600,-1.3
1436245200,-1.3
1436245800,-1.3
1436246400,-1.3
1436247000,-1.3
1436247600,-1.3
1436248200,-1.3
1436248800,-1.3
1436256600,-1.4
1436257200,-1.4
1436257800,-1.4
1436258400,-1.3
1436259000,-1.3
1436259600,-1.3
1436263800,-1.4
1436264400,-1.4
1436265000,-1.4
1436265600,-1.3
1436266200,-1.3
1436266800,-1.4
1436278200,-1.4
1436278800,-1.4
1436279400,-1.4
1436280000,-1.4
1436280600,-1.4
1436281200,-1.4
1436281800,-1.3
1436282400,-1.4
1436283000,-1.3
1436283600,-1.3
1436284200,-1.3
1436284800,-1.3
1436285400,-1.4
1436286000,-1.4
1436286600,-1.3
1436287200,-1.4
1436287800,-1.4
1436288400,-1.4
