1436227200,8.27
1436227800,8.25
1436228400,8.24
1436229000,8.22
1436229600,8.22
1436230200,8.21
1436230800,8.2
1436231400,8.2
1436232000,8.18
1436232600,8.18
1436233200,8.17
1436233800,8.16
1436234400,8.16
1436238600,8.09
1436239200,8.08
1436239800,8.09
1436240400,8.08
1436241000,8.08
1436241600,8.07
1436242200,8.07
1436242800,8.06
1436243400,8.04
1436244000,8.04
1436244600,8.03
1436245200,8.04
1436245800,8.03
1436246400,8.02
1436247000,8.02
1436247600,8.02
1436248200,8.02
1436248800,8.02
1436256600,8.0
1436257200,8.0
1436257800,8.0
1436258400,7.99
1436259000,7.99
1436259600,7.99
1436263800,7.97
1436264400,7.96
1436265000,7.95
1436265600,7.94
1436266200,7.94
1436266800,7.95
1436278200,7.94
1436278800,7.94
1436279400,7.93
1436280000,7.94
1436280600,7.94
1436281200,7.94
1436281800,7.92
1436282400,7.91
1436283000,7.9
1436283600,7.89
1436284200,7.9
1436284800,7.91
1436285400,7.92
1436286000,7.93
1436286600,7.93
1436287200,7.94
1436287800,7.94
1436288400,7.94
