1436227200,314.0
1436227800,314.0
1436228400,314.0
1436229000,315.0
1436229600,315.0
1436230200,315.0
1436230800,315.0
1436231400,315.0
1436232000,315.0
1436232600,315.0
1436233200,315.0
1436233800,316.0
1436234400,316.0
1436238600,318.0
1436239200,318.0
1436239800,317.0
1436240400,317.0
1436241000,317.0
1436241600,317.0
1436242200,317.0
1436242800,318.0
1436243400,318.0
1436244000,317.0
1436244600,317.0
1436245200,316.0
1436245800,316.0
1436246400,316.0
1436247000,316.0
1436247600,316.0
1436248200,315.0
1436248800,315.0
1436256600,314.0
1436257200,314.0
1436257800,314.0
1436258400,314.0
1436259000,314.0
1436259600,314.0
1436263800,314.0
1436264400,314.0
1436265000,314.0
1436265600,314.0
1436266200,314.0
1436266800,314.0
1436278200,314.0
1436278800,314.0
1436279400,314.0
1436280000,314.0
1436280600,314.0
1436281200,315.0
1436281800,316.0
1436282400,318.0
1436283000,319.0
1436283600,319.0
1436284200,317.0
1436284800,313.0
1436285400,311.0
1436286000,304.0
1436286600,305.0
1436287200,303.0
1436287800,303.0
1436288400,303.0
