1436227200,14.19
1436227800,14.14
1436228400,13.94
1436229000,14.02
1436229600,13.8
1436230200,13.99
1436230800,13.78
1436231400,13.77
1436232000,13.91
1436232600,13.83
1436233200,13.87
1436233800,13.99
1436234400,14.03
1436238600,13.93
1436239200,13.96
1436239800,14.0
1436240400,13.89
1436241000,13.77
1436241600,13.75
1436242200,13.84
1436242800,13.86
1436243400,13.75
1436244000,13.66
1436244600,13.7
1436245200,13.58
1436245800,13.63
1436246400,13.6
1436247000,13.37
1436247600,13.51
1436248200,13.31
1436248800,13.22
1436256600,13.01
1436257200,13.09
1436257800,13.1
1436258400,13.01
1436259000,13.04
1436259600,13.22
1436263800,12.93
1436264400,12.94
1436265000,12.82
1436265600,12.73
1436266200,12.69
1436266800,12.8
1436278200,11.76
1436278800,12.06
1436279400,11.35
1436280000,11.54
1436280600,11.25
1436281200,11.0
1436281800,11.01
1436282400,10.78
1436283000,10.73
1436283600,10.7
1436284200,10.95
1436284800,10.8
1436285400,10.71
1436286000,10.41
1436286600,10.72
1436287200,10.75
1436287800,10.48
1436288400,10.43
