1448928000,100.9
1448928900,100.5
1448929800,100.2
1448930700,100.2
1448931600,100.4
1448932500,100.2
1448933400,100.1
1448934300,100.1
1448935200,100.2
1448936100,99.8
1448937000,99.6
1448937900,99.6
1448938800,99.3
1448939700,99.5
1448940600,99.3
1448941500,99.2
1448942400,99.1
1448943300,99.0
1448944200,99.0
1448945100,99.0
1448946000,98.6
1448946900,98.7
1448947800,98.7
1448948700,98.7
1448949600,98.8
1448950500,98.6
1448951400,98.2
1448952300,98.6
1448953200,98.4
1448954100,97.8
1448955000,97.6
1448955900,97.5
1448956800,98.0
1448957700,98.0
1448958600,98.2
1448959500,98.1
1448960400,98.1
1448961300,98.3
1448962200,98.0
1448963100,97.9
1448964000,98.4
1448964900,97.8
1448965800,97.9
1448966700,98.4
1448967600,98.2
1448968500,97.7
1448969400,96.1
1448970300,97.3
1448971200,97.8
1448972100,97.8
1448973000,97.4
1448973900,97.3
1448974800,97.1
1448975700,96.9
1448976600,96.9
1448977500,96.6
1448978400,96.7
1448979300,96.8
1448980200,96.6
1448981100,96.6
1448982000,96.5
1448982900,96.8
1448983800,96.2
1448984700,96.6
1448985600,96.5
1448986500,96.3
1448987400,96.9
1448988300,97.0
1448989200,97.2
1448990100,96.9
1448991000,96.7
1448991900,96.7
1448992800,97.1
1448993700,96.7
1448994600,97.5
1448995500,97.4
1448996400,97.6
1448997300,97.8
1448998200,97.1
1448999100,97.6
1449000000,97.7
1449000900,97.6
1449001800,97.5
1449002700,97.9
1449003600,98.3
1449004500,98.2
1449005400,97.8
1449006300,98.3
1449007200,98.4
