1448928000,4.74
1448928900,4.72
1448929800,4.72
1448930700,4.71
1448931600,4.74
1448932500,4.79
1448933400,4.82
1448934300,4.82
1448935200,4.83
1448936100,4.92
1448937000,4.96
1448937900,5.03
1448938800,5.0
1448939700,5.04
1448940600,5.06
1448941500,5.07
1448942400,5.08
1448943300,5.09
1448944200,5.11
1448945100,5.14
1448946000,5.2
1448946900,5.21
1448947800,5.2
1448948700,5.18
1448949600,5.17
1448950500,5.23
1448951400,5.21
1448952300,5.26
1448953200,5.29
1448954100,5.3
1448955000,5.3
1448955900,5.3
1448956800,5.34
1448957700,5.37
1448958600,5.4
1448959500,5.42
1448960400,5.44
1448961300,5.45
1448962200,5.46
1448963100,5.47
1448964000,5.49
1448964900,5.48
1448965800,5.5
1448966700,5.49
1448967600,5.5
1448968500,5.51
1448969400,5.51
1448970300,5.53
1448971200,5.54
1448972100,5.54
1448973000,5.54
1448973900,5.52
1448974800,5.55
1448975700,5.55
1448976600,5.54
1448977500,5.54
1448978400,5.54
1448979300,5.56
1448980200,5.58
1448981100,5.59
1448982000,5.61
1448982900,5.6
1448983800,5.64
1448984700,5.64
1448985600,5.64
1448986500,5.66
1448987400,5.71
1448988300,5.73
1448989200,5.73
1448990100,5.76
1448991000,5.75
1448991900,5.73
1448992800,5.78
1448993700,5.79
1448994600,5.83
1448995500,5.84
1448996400,5.84
1448997300,5.96
1448998200,5.85
1448999100,5.86
1449000000,5.87
1449000900,5.89
1449001800,5.92
1449002700,5.92
1449003600,6.03
1449004500,6.03
1449005400,6.03
1449006300,6.04
1449007200,6.1
