1448928000,8.38
1448928900,8.37
1448929800,8.36
1448930700,8.37
1448931600,8.38
1448932500,8.37
1448933400,8.37
1448934300,8.36
1448935200,8.37
1448936100,8.37
1448937000,8.35
1448937900,8.35
1448938800,8.34
1448939700,8.34
1448940600,8.34
1448941500,8.33
1448942400,8.33
1448943300,8.33
1448944200,8.34
1448945100,8.32
1448946000,8.32
1448946900,8.32
1448947800,8.32
1448948700,8.33
1448949600,8.33
1448950500,8.32
1448951400,8.31
1448952300,8.32
1448953200,8.31
1448954100,8.3
1448955000,8.3
1448955900,8.29
1448956800,8.3
1448957700,8.31
1448958600,8.31
1448959500,8.3
1448960400,8.31
1448961300,8.31
1448962200,8.3
1448963100,8.3
1448964000,8.32
1448964900,8.29
1448965800,8.3
1448966700,8.31
1448967600,8.32
1448968500,8.31
1448969400,8.28
1448970300,8.28
1448971200,8.27
1448972100,8.27
1448973000,8.27
1448973900,8.27
1448974800,8.27
1448975700,8.27
1448976600,8.27
1448977500,8.27
1448978400,8.27
1448979300,8.29
1448980200,8.29
1448981100,8.3
1448982000,8.3
1448982900,8.31
1448983800,8.29
1448984700,8.3
1448985600,8.3
1448986500,8.28
1448987400,8.28
1448988300,8.26
1448989200,8.26
1448990100,8.27
1448991000,8.29
1448991900,8.29
1448992800,8.3
1448993700,8.29
1448994600,8.31
1448995500,8.3
1448996400,8.31
1448997300,8.31
1448998200,8.29
1448999100,8.29
1449000000,8.28
1449000900,8.28
1449001800,8.28
1449002700,8.29
1449003600,8.31
1449004500,8.3
1449005400,8.29
1449006300,8.3
1449007200,8.3
