1448928000,3.31
1448928900,3.51
1448929800,3.25
1448930700,3.11
1448931600,3.46
1448932500,3.44
1448933400,3.34
1448934300,3.73
1448935200,3.75
1448936100,3.61
1448937000,3.62
1448937900,3.48
1448938800,3.35
1448939700,3.02
1448940600,2.72
1448941500,2.83
1448942400,2.9
1448943300,3.02
1448944200,2.89
1448945100,3.14
1448946000,2.97
1448946900,3.29
1448947800,3.15
1448948700,3.31
1448949600,3.3
1448950500,2.96
1448951400,2.97
1448952300,2.82
1448953200,2.58
1448954100,2.41
1448955000,2.27
1448955900,2.56
1448956800,2.4
1448957700,2.09
1448958600,1.9
1448959500,1.67
1448960400,1.76
1448961300,1.99
1448962200,1.63
1448963100,1.53
1448964000,1.4
1448964900,1.44
1448965800,1.36
1448966700,1.36
1448967600,1.42
1448968500,1.35
1448969400,1.27
1448970300,1.33
1448971200,1.25
1448972100,1.35
1448973000,1.39
1448973900,1.41
1448974800,1.46
1448975700,1.47
1448976600,1.37
1448977500,1.55
1448978400,1.61
1448979300,1.41
1448980200,1.53
1448981100,1.65
1448982000,1.55
1448982900,1.65
1448983800,1.47
1448984700,1.69
1448985600,1.48
1448986500,1.54
1448987400,1.5
1448988300,1.45
1448989200,1.62
1448990100,1.91
1448991000,1.69
1448991900,3.19
1448992800,1.81
1448993700,1.94
1448994600,1.98
1448995500,1.88
1448996400,2.18
1448997300,2.56
1448998200,1.97
1448999100,1.89
1449000000,2.07
1449000900,1.83
1449001800,2.02
1449002700,1.85
1449003600,1.54
1449004500,1.78
1449005400,1.78
1449006300,1.79
1449007200,1.57
