1448928000,347.0
1448928900,346.0
1448929800,346.0
1448930700,347.0
1448931600,353.0
1448932500,359.0
1448933400,361.0
1448934300,367.0
1448935200,374.0
1448936100,381.0
1448937000,384.0
1448937900,381.0
1448938800,381.0
1448939700,365.0
1448940600,356.0
1448941500,362.0
1448942400,361.0
1448943300,362.0
1448944200,366.0
1448945100,371.0
1448946000,382.0
1448946900,391.0
1448947800,391.0
1448948700,389.0
1448949600,387.0
1448950500,375.0
1448951400,379.0
1448952300,373.0
1448953200,368.0
1448954100,367.0
1448955000,368.0
1448955900,369.0
1448956800,364.0
1448957700,353.0
1448958600,342.0
1448959500,336.0
1448960400,333.0
1448961300,326.0
1448962200,326.0
1448963100,321.0
1448964000,311.0
1448964900,315.0
1448965800,311.0
1448966700,310.0
1448967600,310.0
1448968500,310.0
1448969400,312.0
1448970300,310.0
1448971200,309.0
1448972100,311.0
1448973000,314.0
1448973900,319.0
1448974800,319.0
1448975700,320.0
1448976600,322.0
1448977500,322.0
1448978400,323.0
1448979300,322.0
1448980200,322.0
1448981100,322.0
1448982000,320.0
1448982900,320.0
1448983800,321.0
1448984700,321.0
1448985600,321.0
1448986500,321.0
1448987400,321.0
1448988300,320.0
1448989200,321.0
1448990100,321.0
1448991000,323.0
1448991900,325.0
1448992800,326.0
1448993700,329.0
1448994600,330.0
1448995500,331.0
1448996400,332.0
1448997300,332.0
1448998200,332.0
1448999100,329.0
1449000000,329.0
1449000900,328.0
1449001800,328.0
1449002700,328.0
1449003600,326.0
1449004500,325.0
1449005400,325.0
1449006300,323.0
1449007200,322.0
