1448928000,1.29
1448928900,1.28
1448929800,1.27
1448930700,1.29
1448931600,1.32
1448932500,1.28
1448933400,1.23
1448934300,1.25
1448935200,1.26
1448936100,1.24
1448937000,1.24
1448937900,1.17
1448938800,1.19
1448939700,1.12
1448940600,1.1
1448941500,1.09
1448942400,1.09
1448943300,1.08
1448944200,1.08
1448945100,1.07
1448946000,1.02
1448946900,1.06
1448947800,1.1
1448948700,1.1
1448949600,1.11
1448950500,1.03
1448951400,1.03
1448952300,0.99
1448953200,0.95
1448954100,0.91
1448955000,0.92
1448955900,0.92
1448956800,0.89
1448957700,0.82
1448958600,0.82
1448959500,0.81
1448960400,0.79
1448961300,0.76
1448962200,0.75
1448963100,0.74
1448964000,0.73
1448964900,0.7
1448965800,0.7
1448966700,0.7
1448967600,0.72
1448968500,0.7
1448969400,0.67
1448970300,0.68
1448971200,0.68
1448972100,0.69
1448973000,0.73
1448973900,0.73
1448974800,0.71
1448975700,0.77
1448976600,0.77
1448977500,0.74
1448978400,0.78
1448979300,0.71
1448980200,0.73
1448981100,0.72
1448982000,0.74
1448982900,0.72
1448983800,0.7
1448984700,0.73
1448985600,0.75
1448986500,0.74
1448987400,0.7
1448988300,0.71
1448989200,0.72
1448990100,0.81
1448991000,0.72
1448991900,0.79
1448992800,0.73
1448993700,0.78
1448994600,0.79
1448995500,0.79
1448996400,0.8
1448997300,0.89
1448998200,0.75
1448999100,0.72
1449000000,0.71
1449000900,0.69
1449001800,0.76
1449002700,0.71
1449003600,0.69
1449004500,0.68
1449005400,0.69
1449006300,0.66
1449007200,0.67
