1448928000,77.61
1448928900,82.48
1448929800,75.58
1448930700,81.42
1448931600,77.43
1448932500,65.65
1448933400,66.46
1448934300,65.93
1448935200,62.27
1448936100,59.95
1448937000,59.02
1448937900,62.83
1448938800,62.55
1448939700,60.45
1448940600,64.14
1448941500,59.84
1448942400,56.18
1448943300,58.97
1448944200,51.92
1448945100,53.45
1448946000,54.01
1448946900,48.85
1448947800,49.09
1448948700,47.84
1448949600,48.23
1448950500,47.41
1448951400,46.41
1448952300,46.09
1448953200,45.61
1448954100,44.91
1448955000,46.41
1448955900,43.14
1448956800,47.3
1448957700,44.1
1448958600,43.3
1448959500,43.88
1448960400,44.18
1448961300,44.64
1448962200,44.11
1448963100,43.37
1448964000,39.99
1448964900,42.79
1448965800,42.91
1448966700,44.11
1448967600,39.79
1448968500,38.5
1448969400,37.62
1448970300,39.83
1448971200,41.74
1448972100,37.79
1448973000,46.36
1448973900,43.9
1448974800,44.32
1448975700,47.31
1448976600,49.3
1448977500,45.07
1448978400,43.01
1448979300,49.29
1448980200,43.01
1448981100,40.57
1448982000,37.32
1448982900,39.22
1448983800,39.75
1448984700,37.54
1448985600,36.9
1448986500,38.76
1448987400,42.79
1448988300,37.76
1448989200,34.48
1448990100,36.02
1448991000,35.54
1448991900,37.27
1448992800,35.12
1448993700,33.69
1448994600,33.5
1448995500,36.21
1448996400,35.3
1448997300,33.29
1448998200,35.74
1448999100,36.5
1449000000,36.27
1449000900,34.56
1449001800,35.17
1449002700,37.5
1449003600,34.9
1449004500,36.05
1449005400,35.23
1449006300,34.81
1449007200,34.53
