1449532800,8.3
1449533400,8.29
1449534000,8.270001
1449534600,8.28
1449535200,8.28
1449535800,8.270001
1449536400,8.28
1449537000,8.270001
1449537600,8.26
1449538200,8.270001
1449538800,8.270001
1449539400,8.270001
1449540000,8.28
1449540600,8.270001
1449541200,8.270001
1449541800,8.28
1449542400,8.28
1449543000,8.270001
1449543600,8.29
1449544200,8.28
1449544800,8.29
1449545400,8.28
1449546000,8.29
1449546600,8.29
1449547200,8.28
1449547800,8.29
1449548400,8.29
1449549000,8.29
1449549600,8.270001
1449550200,8.28
1449550800,8.28
1449551400,8.28
1449552000,8.28
1449552600,8.270001
1449553200,8.28
1449553800,8.26
1449554400,8.270001
1449555000,8.270001
1449555600,8.28
1449556200,8.26
1449556800,8.28
1449557400,8.28
1449558000,8.28
1449558600,8.28
1449559200,8.28
1449559800,8.270001
1449560400,8.28
1449561000,8.28
1449561600,8.28
1449562200,8.28
1449562800,8.28
1449563400,8.28
1449564000,8.28
1449564600,8.28
1449565200,8.28
1449565800,8.28
1449566400,8.28
1449567000,8.270001
1449567600,8.270001
1449568200,8.28
1449568800,8.28
1449569400,8.270001
1449570000,8.270001
1449570600,8.26
1449571200,8.270001
1449571800,8.270001
1449572400,8.25
1449573000,8.26
1449573600,8.270001
1449574200,8.270001
1449574800,8.270001
1449575400,8.270001
1449576000,8.28
1449576600,8.28
1449577200,8.270001
1449577800,8.270001
1449578400,8.270001
1449579000,8.26
1449579600,8.270001
1449580200,8.28
1449580800,8.28
1449581400,8.270001
1449582000,8.270001
1449582600,8.270001
1449583200,8.28
1449583800,8.270001
1449584400,8.28
1449585000,8.28
1449585600,8.28
1449586200,8.28
1449586800,8.270001
1449587400,8.28
1449588000,8.28
1449588600,8.26
1449589200,8.28
1449589800,8.28
1449590400,8.29
1449591000,8.28
1449591600,8.29
1449592200,8.28
1449592800,8.28
1449593400,8.28
1449594000,8.29
1449594600,8.29
