1449532800,92.05
1449533400,91.82
1449534000,91.76
1449534600,91.59
1449535200,91.6
1449535800,91.44
1449536400,91.46
1449537000,91.5
1449537600,91.46
1449538200,91.41
1449538800,91.48
1449539400,91.51
1449540000,91.59
1449540600,91.48
1449541200,91.7
1449541800,91.64
1449542400,91.78
1449543000,91.83
1449543600,91.95
1449544200,91.94
1449544800,92.0
1449545400,92.04
1449546000,92.02
1449546600,92.0
1449547200,91.97
1449547800,92.01
1449548400,91.96
1449549000,91.93
1449549600,91.94
1449550200,91.72
1449550800,91.57
1449551400,91.72
1449552000,91.71
1449552600,91.65
1449553200,91.68
1449553800,91.54
1449554400,91.61
1449555000,91.45
1449555600,91.64
1449556200,91.63
1449556800,91.69
1449557400,91.7
1449558000,91.67
1449558600,91.68
1449559200,91.67
1449559800,91.7
1449560400,91.61
1449561000,91.62
1449561600,91.6
1449562200,91.65
1449562800,91.63
1449563400,91.64
1449564000,91.58
1449564600,91.62
1449565200,91.68
1449565800,91.61
1449566400,91.61
1449567000,91.56
1449567600,91.5
1449568200,91.58
1449568800,91.53
1449569400,91.41
1449570000,91.41
1449570600,91.53
1449571200,91.49
1449571800,91.47
1449572400,91.45
1449573000,91.47
1449573600,91.43
1449574200,91.41
1449574800,91.52
1449575400,91.5
1449576000,91.53
1449576600,91.54
1449577200,91.57
1449577800,91.53
1449578400,91.54
1449579000,91.58
1449579600,91.53
1449580200,91.57
1449580800,91.5
1449581400,91.58
1449582000,91.5
1449582600,91.46
1449583200,91.5
1449583800,91.45
1449584400,91.49
1449585000,91.59
1449585600,91.63
1449586200,91.64
1449586800,91.69
1449587400,91.69
1449588000,91.76
1449588600,91.69
1449589200,91.81
1449589800,91.8
1449590400,91.85
1449591000,91.83
1449591600,91.85
1449592200,91.83
1449592800,91.82
1449593400,91.94
1449594000,91.95
1449594600,92.06
