1449532800,7.39
1449533400,7.36
1449534000,7.35
1449534600,7.34
1449535200,7.35
1449535800,7.33
1449536400,7.35
1449537000,7.36
1449537600,7.37
1449538200,7.37
1449538800,7.38
1449539400,7.39
1449540000,7.4
1449540600,7.4
1449541200,7.41
1449541800,7.41
1449542400,7.42
1449543000,7.42
1449543600,7.42
1449544200,7.42
1449544800,7.42
1449545400,7.42
1449546000,7.42
1449546600,7.42
1449547200,7.42
1449547800,7.42
1449548400,7.42
1449549000,7.42
1449549600,7.42
1449550200,7.42
1449550800,7.42
1449551400,7.42
1449552000,7.41
1449552600,7.41
1449553200,7.4
1449553800,7.4
1449554400,7.4
1449555000,7.39
1449555600,7.38
1449556200,7.37
1449556800,7.37
1449557400,7.37
1449558000,7.36
1449558600,7.35
1449559200,7.35
1449559800,7.35
1449560400,7.35
1449561000,7.34
1449561600,7.33
1449562200,7.32
1449562800,7.32
1449563400,7.32
1449564000,7.32
1449564600,7.31
1449565200,7.3
1449565800,7.3
1449566400,7.3
1449567000,7.31
1449567600,7.31
1449568200,7.29
1449568800,7.29
1449569400,7.3
1449570000,7.29
1449570600,7.28
1449571200,7.28
1449571800,7.28
1449572400,7.28
1449573000,7.27
1449573600,7.27
1449574200,7.26
1449574800,7.25
1449575400,7.25
1449576000,7.25
1449576600,7.25
1449577200,7.25
1449577800,7.24
1449578400,7.24
1449579000,7.23
1449579600,7.23
1449580200,7.23
1449580800,7.23
1449581400,7.23
1449582000,7.22
1449582600,7.22
1449583200,7.22
1449583800,7.22
1449584400,7.21
1449585000,7.21
1449585600,7.21
1449586200,7.2
1449586800,7.2
1449587400,7.19
1449588000,7.19
1449588600,7.19
1449589200,7.18
1449589800,7.18
1449590400,7.19
1449591000,7.19
1449591600,7.2
1449592200,7.2
1449592800,7.2
1449593400,7.2
1449594000,7.2
1449594600,7.19
