1449532800,11.06
1449533400,11.04
1449534000,11.03
1449534600,11.02
1449535200,11.02
1449535800,11.0
1449536400,11.0
1449537000,11.0
1449537600,10.99
1449538200,10.99
1449538800,10.99
1449539400,10.99
1449540000,11.0
1449540600,10.99
1449541200,11.01
1449541800,11.0
1449542400,11.02
1449543000,11.02
1449543600,11.04
1449544200,11.04
1449544800,11.04
1449545400,11.05
1449546000,11.05
1449546600,11.04
1449547200,11.04
1449547800,11.04
1449548400,11.04
1449549000,11.04
1449549600,11.04
1449550200,11.01
1449550800,10.99
1449551400,11.01
1449552000,11.01
1449552600,11.0
1449553200,11.01
1449553800,10.99
1449554400,11.0
1449555000,10.99
1449555600,11.01
1449556200,11.01
1449556800,11.02
1449557400,11.02
1449558000,11.02
1449558600,11.02
1449559200,11.02
1449559800,11.03
1449560400,11.02
1449561000,11.02
1449561600,11.02
1449562200,11.03
1449562800,11.03
1449563400,11.03
1449564000,11.02
1449564600,11.03
1449565200,11.04
1449565800,11.03
1449566400,11.03
1449567000,11.02
1449567600,11.02
1449568200,11.03
1449568800,11.02
1449569400,11.01
1449570000,11.01
1449570600,11.03
1449571200,11.02
1449571800,11.02
1449572400,11.02
1449573000,11.02
1449573600,11.02
1449574200,11.02
1449574800,11.03
1449575400,11.03
1449576000,11.03
1449576600,11.04
1449577200,11.04
1449577800,11.04
1449578400,11.04
1449579000,11.04
1449579600,11.04
1449580200,11.04
1449580800,11.03
1449581400,11.05
1449582000,11.04
1449582600,11.03
1449583200,11.04
1449583800,11.03
1449584400,11.04
1449585000,11.05
1449585600,11.06
1449586200,11.06
1449586800,11.07
1449587400,11.07
1449588000,11.08
1449588600,11.07
1449589200,11.09
1449589800,11.08
1449590400,11.09
1449591000,11.09
1449591600,11.09
1449592200,11.08
1449592800,11.08
1449593400,11.1
1449594000,11.1
1449594600,11.11
