1449532800,0.21
1449533400,0.2
1449534000,0.22
1449534600,0.22
1449535200,0.19
1449535800,0.21
1449536400,0.21
1449537000,0.22
1449537600,0.23
1449538200,0.24
1449538800,0.19
1449539400,0.24
1449540000,0.23
1449540600,0.24
1449541200,0.18
1449541800,0.2
1449542400,0.21
1449543000,0.23
1449543600,0.21
1449544200,0.23
1449544800,0.23
1449545400,0.21
1449546000,0.22
1449546600,0.19
1449547200,0.22
1449547800,0.22
1449548400,0.21
1449549000,0.2
1449549600,0.22
1449550200,0.22
1449550800,0.19
1449551400,0.22
1449552000,0.23
1449552600,0.22
1449553200,0.2
1449553800,0.22
1449554400,0.22
1449555000,0.24
1449555600,0.21
1449556200,0.22
1449556800,0.19
1449557400,0.23
1449558000,0.25
1449558600,0.21
1449559200,0.22
1449559800,0.21
1449560400,0.23
1449561000,0.22
1449561600,0.21
1449562200,0.24
1449562800,0.19
1449563400,0.22
1449564000,0.23
1449564600,0.21
1449565200,0.2
1449565800,0.22
1449566400,0.22
1449567000,0.22
1449567600,0.22
1449568200,0.22
1449568800,0.21
1449569400,0.22
1449570000,0.18
1449570600,0.2
1449571200,0.2
1449571800,0.19
1449572400,0.2
1449573000,0.23
1449573600,0.21
1449574200,0.23
1449574800,0.23
1449575400,0.22
1449576000,0.24
1449576600,0.22
1449577200,0.22
1449577800,0.24
1449578400,0.2
1449579000,0.22
1449579600,0.24
1449580200,0.24
1449580800,0.21
1449581400,0.2
1449582000,0.21
1449582600,0.23
1449583200,0.23
1449583800,0.2
1449584400,0.21
1449585000,0.22
1449585600,0.22
1449586200,0.23
1449586800,0.23
1449587400,0.2
1449588000,0.21
1449588600,0.24
1449589200,0.23
1449589800,0.23
1449590400,0.23
1449591000,0.25
1449591600,0.21
1449592200,0.22
1449592800,0.24
1449593400,0.24
1449594000,0.21
1449594600,0.25
