1449532800,274.16
1449533400,274.07
1449534000,274.02
1449534600,274.11
1449535200,274.07
1449535800,274.08
1449536400,274.15
1449537000,274.19
1449537600,274.32
1449538200,276.09
1449538800,275.74
1449539400,275.16
1449540000,274.22
1449540600,274.63
1449541200,274.38
1449541800,274.27
1449542400,274.42
1449543000,274.43
1449543600,274.39
1449544200,274.32
1449544800,274.8
1449545400,274.34
1449546000,274.43
1449546600,274.42
1449547200,274.24
1449547800,274.22
1449548400,274.33
1449549000,274.13
1449549600,274.41
1449550200,274.31
1449550800,274.43
1449551400,274.22
1449552000,274.35
1449552600,274.34
1449553200,274.33
1449553800,274.33
1449554400,274.54
1449555000,274.65
1449555600,274.4
1449556200,274.37
1449556800,274.33
1449557400,274.31
1449558000,274.34
1449558600,274.29
1449559200,274.35
1449559800,274.32
1449560400,274.58
1449561000,274.46
1449561600,274.42
1449562200,274.32
1449562800,274.31
1449563400,274.33
1449564000,276.65
1449564600,274.53
1449565200,274.21
1449565800,274.33
1449566400,274.02
1449567000,274.39
1449567600,274.3
1449568200,274.36
1449568800,274.37
1449569400,274.39
1449570000,274.29
1449570600,274.26
1449571200,274.18
1449571800,274.67
1449572400,274.78
1449573000,274.38
1449573600,274.91
1449574200,274.45
1449574800,274.3
1449575400,273.71
1449576000,274.45
1449576600,274.41
1449577200,274.45
1449577800,274.43
1449578400,274.48
1449579000,274.29
1449579600,274.41
1449580200,274.24
1449580800,273.77
1449581400,274.31
1449582000,275.11
1449582600,275.2
1449583200,275.08
1449583800,275.19
1449584400,275.08
1449585000,275.09
1449585600,275.09
1449586200,275.25
1449586800,275.08
1449587400,275.05
1449588000,274.89
1449588600,275.16
1449589200,274.98
1449589800,275.06
1449590400,275.04
1449591000,274.93
1449591600,274.86
1449592200,275.13
1449592800,275.12
1449593400,275.06
1449594000,275.08
1449594600,275.05
